img_id,true_label,pred_label,prob
ISIC_0034524.jpg,benign,benign,0.9999257
ISIC_0034525.jpg,benign,benign,0.97897744
ISIC_0034527.jpg,benign,malignant,0.82793325
ISIC_0034528.jpg,benign,benign,0.8188926
ISIC_0034529.jpg,malignant,malignant,0.98881114
ISIC_0034530.jpg,benign,benign,0.99989206
ISIC_0034532.jpg,benign,benign,0.9978558
ISIC_0034533.jpg,benign,benign,0.99969554
ISIC_0034534.jpg,benign,benign,0.99999034
ISIC_0034537.jpg,benign,benign,0.83376503
ISIC_0034540.jpg,benign,benign,0.99775946
ISIC_0034541.jpg,benign,benign,0.9922142
ISIC_0034543.jpg,benign,benign,0.99970406
ISIC_0034544.jpg,benign,benign,0.99966687
ISIC_0034548.jpg,malignant,malignant,0.99218154
ISIC_0034551.jpg,benign,benign,0.9897993
ISIC_0034552.jpg,benign,malignant,0.6598339
ISIC_0034553.jpg,benign,benign,0.99595803
ISIC_0034556.jpg,benign,benign,0.9982793
ISIC_0034557.jpg,benign,benign,0.99923426
ISIC_0034558.jpg,benign,benign,0.8093145
ISIC_0034559.jpg,benign,benign,0.99548835
ISIC_0034560.jpg,benign,benign,0.9986469
ISIC_0034562.jpg,benign,benign,0.9992853
ISIC_0034563.jpg,benign,benign,0.9997216
ISIC_0034564.jpg,benign,benign,0.9991186
ISIC_0034566.jpg,benign,benign,0.9994699
ISIC_0034567.jpg,benign,benign,0.9993859
ISIC_0034568.jpg,benign,benign,0.99981254
ISIC_0034569.jpg,benign,benign,0.85947144
ISIC_0034572.jpg,malignant,malignant,0.9905614
ISIC_0034573.jpg,malignant,malignant,0.99526125
ISIC_0034576.jpg,benign,benign,0.9997581
ISIC_0034577.jpg,benign,benign,0.99702513
ISIC_0034580.jpg,benign,benign,0.93346095
ISIC_0034581.jpg,benign,benign,0.98281646
ISIC_0034582.jpg,benign,benign,0.99623555
ISIC_0034583.jpg,benign,benign,0.93086886
ISIC_0034584.jpg,malignant,benign,0.99481535
ISIC_0034586.jpg,benign,benign,0.71408796
ISIC_0034587.jpg,benign,benign,0.9997434
ISIC_0034589.jpg,benign,benign,0.99993104
ISIC_0034590.jpg,benign,malignant,0.51579523
ISIC_0034592.jpg,benign,benign,0.9970294
ISIC_0034593.jpg,benign,benign,0.99233645
ISIC_0034594.jpg,benign,benign,0.99988645
ISIC_0034595.jpg,malignant,malignant,0.8790958
ISIC_0034599.jpg,benign,malignant,0.9142632
ISIC_0034600.jpg,benign,benign,0.99956995
ISIC_0034601.jpg,benign,benign,0.9999229
ISIC_0034602.jpg,benign,benign,0.9995214
ISIC_0034603.jpg,benign,benign,0.97942233
ISIC_0034604.jpg,benign,benign,0.997089
ISIC_0034605.jpg,malignant,malignant,0.8260513
ISIC_0034607.jpg,benign,benign,0.99995327
ISIC_0034609.jpg,benign,benign,0.99337494
ISIC_0034610.jpg,benign,benign,0.98252946
ISIC_0034611.jpg,benign,benign,0.999714
ISIC_0034613.jpg,benign,benign,0.692264
ISIC_0034616.jpg,benign,benign,0.9994792
ISIC_0034617.jpg,benign,malignant,0.9858074
ISIC_0034619.jpg,benign,benign,0.9995425
ISIC_0034620.jpg,benign,benign,0.99981785
ISIC_0034621.jpg,benign,benign,0.9790929
ISIC_0034623.jpg,benign,benign,0.9993548
ISIC_0034624.jpg,benign,benign,0.99960685
ISIC_0034625.jpg,benign,benign,0.99929535
ISIC_0034626.jpg,benign,benign,0.99925077
ISIC_0034627.jpg,benign,malignant,0.65480053
ISIC_0034628.jpg,malignant,malignant,0.9796052
ISIC_0034629.jpg,benign,benign,0.6551713
ISIC_0034630.jpg,malignant,benign,0.73897314
ISIC_0034632.jpg,benign,malignant,0.8025692
ISIC_0034633.jpg,malignant,malignant,0.5549452
ISIC_0034634.jpg,benign,benign,0.99956536
ISIC_0034635.jpg,benign,malignant,0.93087053
ISIC_0034636.jpg,benign,benign,0.99985087
ISIC_0034637.jpg,benign,benign,0.96639943
ISIC_0034638.jpg,malignant,malignant,0.99803966
ISIC_0034639.jpg,benign,benign,0.99955547
ISIC_0034640.jpg,benign,benign,0.9996839
ISIC_0034641.jpg,benign,benign,0.99795866
ISIC_0034643.jpg,benign,benign,0.99966526
ISIC_0034644.jpg,malignant,benign,0.956427
ISIC_0034645.jpg,benign,benign,0.9802617
ISIC_0034648.jpg,benign,benign,0.9962225
ISIC_0034649.jpg,benign,benign,0.9998999
ISIC_0034650.jpg,malignant,malignant,0.9975694
ISIC_0034653.jpg,benign,benign,0.9944612
ISIC_0034654.jpg,benign,benign,0.9654292
ISIC_0034655.jpg,malignant,malignant,0.99175394
ISIC_0034657.jpg,malignant,malignant,0.61498046
ISIC_0034658.jpg,benign,benign,0.9991152
ISIC_0034659.jpg,benign,benign,0.99993914
ISIC_0034660.jpg,benign,benign,0.92475086
ISIC_0034661.jpg,benign,malignant,0.66872793
ISIC_0034662.jpg,benign,benign,0.9810529
ISIC_0034664.jpg,benign,benign,0.99995935
ISIC_0034665.jpg,benign,benign,0.99765766
ISIC_0034667.jpg,benign,benign,0.9969608
ISIC_0034668.jpg,benign,benign,0.9999306
ISIC_0034670.jpg,benign,malignant,0.98272014
ISIC_0034671.jpg,benign,benign,0.9998996
ISIC_0034672.jpg,benign,benign,0.98635983
ISIC_0034674.jpg,benign,benign,0.5346781
ISIC_0034676.jpg,benign,benign,0.9932879
ISIC_0034677.jpg,benign,benign,0.83182824
ISIC_0034678.jpg,benign,benign,0.9994346
ISIC_0034680.jpg,benign,benign,0.53516066
ISIC_0034681.jpg,benign,benign,0.99985
ISIC_0034683.jpg,benign,benign,0.9999493
ISIC_0034687.jpg,malignant,malignant,0.9513097
ISIC_0034688.jpg,benign,benign,0.996355
ISIC_0034689.jpg,benign,benign,0.998943
ISIC_0034690.jpg,benign,benign,0.94229573
ISIC_0034696.jpg,benign,benign,0.9985181
ISIC_0034697.jpg,benign,benign,0.98651093
ISIC_0034698.jpg,benign,benign,0.99396336
ISIC_0034700.jpg,benign,benign,0.99998593
ISIC_0034701.jpg,benign,benign,0.99199456
ISIC_0034702.jpg,benign,benign,0.99904025
ISIC_0034703.jpg,benign,benign,0.9998268
ISIC_0034704.jpg,benign,benign,0.99987525
ISIC_0034705.jpg,benign,malignant,0.6848959
ISIC_0034707.jpg,benign,benign,0.99965954
ISIC_0034708.jpg,benign,benign,0.999836
ISIC_0034709.jpg,benign,benign,0.99522614
ISIC_0034713.jpg,malignant,malignant,0.99870384
ISIC_0034714.jpg,malignant,malignant,0.6171552
ISIC_0034715.jpg,benign,benign,0.99974483
ISIC_0034716.jpg,benign,benign,0.9997544
ISIC_0034717.jpg,benign,benign,0.9911317
ISIC_0034718.jpg,benign,benign,0.9711528
ISIC_0034721.jpg,benign,benign,0.99956536
ISIC_0034722.jpg,benign,benign,0.9992793
ISIC_0034725.jpg,benign,benign,0.5112068
ISIC_0034726.jpg,benign,benign,0.994967
ISIC_0034727.jpg,benign,benign,0.894509
ISIC_0034728.jpg,benign,benign,0.999709
ISIC_0034729.jpg,benign,benign,0.9999483
ISIC_0034730.jpg,benign,benign,0.6216968
ISIC_0034731.jpg,benign,malignant,0.99731404
ISIC_0034732.jpg,benign,benign,0.8946369
ISIC_0034735.jpg,benign,benign,0.99997896
ISIC_0034736.jpg,benign,benign,0.98376846
ISIC_0034737.jpg,malignant,malignant,0.9993667
ISIC_0034738.jpg,benign,benign,0.99990624
ISIC_0034740.jpg,benign,benign,0.9996254
ISIC_0034741.jpg,benign,benign,0.9916922
ISIC_0034742.jpg,benign,benign,0.9978082
ISIC_0034743.jpg,benign,benign,0.9653931
ISIC_0034744.jpg,benign,benign,0.99943763
ISIC_0034745.jpg,benign,benign,0.9987704
ISIC_0034747.jpg,benign,benign,0.96809506
ISIC_0034749.jpg,benign,benign,0.9314062
ISIC_0034752.jpg,benign,benign,0.9692339
ISIC_0034754.jpg,benign,benign,0.881017
ISIC_0034756.jpg,benign,benign,0.9422709
ISIC_0034757.jpg,benign,benign,0.99792886
ISIC_0034761.jpg,benign,benign,0.9996384
ISIC_0034762.jpg,benign,benign,0.99968594
ISIC_0034763.jpg,benign,benign,0.99984825
ISIC_0034764.jpg,malignant,malignant,0.9736935
ISIC_0034765.jpg,benign,malignant,0.9378947
ISIC_0034767.jpg,benign,benign,0.9799236
ISIC_0034768.jpg,benign,benign,0.99909943
ISIC_0034769.jpg,benign,benign,0.99852717
ISIC_0034771.jpg,malignant,malignant,0.97754115
ISIC_0034772.jpg,benign,benign,0.99936855
ISIC_0034773.jpg,benign,malignant,0.73865914
ISIC_0034774.jpg,benign,benign,0.99938446
ISIC_0034776.jpg,benign,benign,0.9969952
ISIC_0034777.jpg,benign,benign,0.99839765
ISIC_0034778.jpg,benign,benign,0.75234544
ISIC_0034779.jpg,benign,benign,0.97306025
ISIC_0034780.jpg,benign,benign,0.9993983
ISIC_0034781.jpg,benign,benign,0.8847271
ISIC_0034783.jpg,benign,benign,0.9984204
ISIC_0034784.jpg,malignant,malignant,0.7865084
ISIC_0034786.jpg,benign,benign,0.9729337
ISIC_0034787.jpg,benign,benign,0.9999234
ISIC_0034788.jpg,benign,benign,0.9978641
ISIC_0034789.jpg,benign,benign,0.86150146
ISIC_0034790.jpg,benign,benign,0.9990335
ISIC_0034791.jpg,benign,malignant,0.64436805
ISIC_0034792.jpg,benign,benign,0.9695839
ISIC_0034793.jpg,benign,benign,0.74061906
ISIC_0034795.jpg,benign,benign,0.9879822
ISIC_0034797.jpg,benign,malignant,0.94064045
ISIC_0034798.jpg,benign,benign,0.99935496
ISIC_0034800.jpg,benign,benign,0.9992611
ISIC_0034801.jpg,benign,benign,0.9990189
ISIC_0034803.jpg,benign,malignant,0.54533756
ISIC_0034804.jpg,malignant,malignant,0.9966266
ISIC_0034806.jpg,benign,benign,0.96232694
ISIC_0034807.jpg,benign,benign,0.9996993
ISIC_0034808.jpg,benign,benign,0.9852065
ISIC_0034809.jpg,benign,benign,0.9977507
ISIC_0034810.jpg,benign,benign,0.99950373
ISIC_0034811.jpg,benign,benign,0.9978044
ISIC_0034813.jpg,benign,malignant,0.8309017
ISIC_0034815.jpg,benign,malignant,0.7332305
ISIC_0034816.jpg,benign,benign,0.94534695
ISIC_0034817.jpg,malignant,benign,0.86139834
ISIC_0034818.jpg,benign,benign,0.77179956
ISIC_0034819.jpg,malignant,malignant,0.99919397
ISIC_0034821.jpg,benign,benign,0.998815
ISIC_0034823.jpg,benign,benign,0.9998636
ISIC_0034824.jpg,benign,benign,0.99974203
ISIC_0034827.jpg,benign,benign,0.9999654
ISIC_0034828.jpg,benign,benign,0.9992674
ISIC_0034829.jpg,benign,benign,0.9998634
ISIC_0034830.jpg,benign,benign,0.99985826
ISIC_0034831.jpg,benign,benign,0.9997097
ISIC_0034832.jpg,benign,malignant,0.72325903
ISIC_0034834.jpg,benign,benign,0.9993929
ISIC_0034835.jpg,benign,benign,0.9997921
ISIC_0034836.jpg,benign,malignant,0.9998022
ISIC_0034837.jpg,benign,benign,0.99894303
ISIC_0034838.jpg,benign,benign,0.7444691
ISIC_0034839.jpg,benign,benign,0.991351
ISIC_0034841.jpg,benign,malignant,0.75539255
ISIC_0034843.jpg,benign,malignant,0.6637366
ISIC_0034844.jpg,benign,benign,0.99988174
ISIC_0034845.jpg,benign,benign,0.99895334
ISIC_0034846.jpg,benign,malignant,0.5556134
ISIC_0034847.jpg,benign,benign,0.99892515
ISIC_0034848.jpg,benign,benign,0.9998826
ISIC_0034851.jpg,benign,benign,0.99538296
ISIC_0034852.jpg,benign,benign,0.7542583
ISIC_0034853.jpg,benign,benign,0.9986458
ISIC_0034854.jpg,benign,benign,0.99873793
ISIC_0034855.jpg,benign,benign,0.9910737
ISIC_0034856.jpg,benign,malignant,0.5540357
ISIC_0034857.jpg,benign,benign,0.99955523
ISIC_0034859.jpg,malignant,malignant,0.95022464
ISIC_0034860.jpg,benign,malignant,0.81574744
ISIC_0034861.jpg,benign,benign,0.9972569
ISIC_0034862.jpg,benign,benign,0.93795216
ISIC_0034863.jpg,malignant,malignant,0.5856538
ISIC_0034864.jpg,benign,benign,0.84565747
ISIC_0034865.jpg,benign,benign,0.99971235
ISIC_0034866.jpg,benign,benign,0.99739814
ISIC_0034867.jpg,benign,benign,0.99625784
ISIC_0034868.jpg,benign,benign,0.9996362
ISIC_0034869.jpg,benign,benign,0.99997956
ISIC_0034871.jpg,malignant,malignant,0.95410144
ISIC_0034872.jpg,benign,benign,0.9961361
ISIC_0034873.jpg,malignant,benign,0.93970674
ISIC_0034874.jpg,malignant,malignant,0.9946785
ISIC_0034875.jpg,malignant,malignant,0.99925584
ISIC_0034877.jpg,benign,benign,0.99867964
ISIC_0034878.jpg,benign,benign,0.9999687
ISIC_0034880.jpg,benign,benign,0.99828136
ISIC_0034881.jpg,benign,benign,0.99879843
ISIC_0034882.jpg,malignant,malignant,0.6686054
ISIC_0034883.jpg,benign,benign,0.9829462
ISIC_0034884.jpg,benign,malignant,0.59475535
ISIC_0034885.jpg,benign,benign,0.5005772
ISIC_0034886.jpg,benign,benign,0.99949515
ISIC_0034889.jpg,benign,benign,0.95976233
ISIC_0034890.jpg,benign,benign,0.9998687
ISIC_0034892.jpg,benign,benign,0.9959442
ISIC_0034893.jpg,benign,benign,0.99913794
ISIC_0034894.jpg,benign,benign,0.8699014
ISIC_0034895.jpg,malignant,malignant,0.94972885
ISIC_0034897.jpg,benign,benign,0.99977404
ISIC_0034900.jpg,benign,benign,0.9637751
ISIC_0034901.jpg,benign,benign,0.79367113
ISIC_0034902.jpg,benign,benign,0.9998876
ISIC_0034903.jpg,benign,benign,0.999452
ISIC_0034904.jpg,malignant,malignant,0.6266775
ISIC_0034907.jpg,benign,benign,0.91760075
ISIC_0034908.jpg,benign,benign,0.9994313
ISIC_0034909.jpg,benign,benign,0.78290987
ISIC_0034912.jpg,benign,benign,0.9140626
ISIC_0034913.jpg,benign,benign,0.9991752
ISIC_0034916.jpg,benign,benign,0.998648
ISIC_0034917.jpg,benign,benign,0.99533665
ISIC_0034918.jpg,malignant,benign,0.97945887
ISIC_0034919.jpg,benign,benign,0.9948556
ISIC_0034920.jpg,benign,benign,0.57348186
ISIC_0034921.jpg,benign,malignant,0.9158073
ISIC_0034922.jpg,benign,benign,0.9992646
ISIC_0034923.jpg,benign,benign,0.9464675
ISIC_0034924.jpg,benign,benign,0.99897945
ISIC_0034925.jpg,benign,benign,0.9875583
ISIC_0034926.jpg,malignant,malignant,0.9998191
ISIC_0034927.jpg,benign,malignant,0.8243864
ISIC_0034928.jpg,benign,benign,0.9998404
ISIC_0034932.jpg,benign,benign,0.97953653
ISIC_0034933.jpg,benign,benign,0.98584086
ISIC_0034934.jpg,malignant,malignant,0.9779627
ISIC_0034935.jpg,benign,benign,0.79061407
ISIC_0034938.jpg,benign,benign,0.9973046
ISIC_0034940.jpg,benign,benign,0.99985963
ISIC_0034941.jpg,benign,benign,0.75572205
ISIC_0034942.jpg,benign,benign,0.9996482
ISIC_0034943.jpg,benign,benign,0.99677765
ISIC_0034944.jpg,benign,malignant,0.7645751
ISIC_0034945.jpg,benign,benign,0.9988513
ISIC_0034947.jpg,benign,benign,0.99997646
ISIC_0034949.jpg,malignant,malignant,0.9998728
ISIC_0034950.jpg,benign,benign,0.99935085
ISIC_0034955.jpg,benign,benign,0.55784464
ISIC_0034956.jpg,benign,benign,0.9592879
ISIC_0034957.jpg,malignant,malignant,0.9994469
ISIC_0034958.jpg,malignant,malignant,0.9997508
ISIC_0034959.jpg,malignant,malignant,0.9780366
ISIC_0034962.jpg,benign,benign,0.9998188
ISIC_0034964.jpg,benign,benign,0.64954865
ISIC_0034965.jpg,benign,benign,0.9998953
ISIC_0034967.jpg,benign,malignant,0.8023589
ISIC_0034968.jpg,benign,benign,0.9991193
ISIC_0034971.jpg,malignant,malignant,0.99762577
ISIC_0034973.jpg,benign,benign,0.99977344
ISIC_0034974.jpg,benign,benign,0.99861205
ISIC_0034975.jpg,benign,benign,0.9967217
ISIC_0034976.jpg,benign,benign,0.9915685
ISIC_0034977.jpg,benign,benign,0.9908024
ISIC_0034978.jpg,benign,benign,0.95270675
ISIC_0034979.jpg,benign,benign,0.997667
ISIC_0034983.jpg,benign,benign,0.999418
ISIC_0034984.jpg,benign,benign,0.9985359
ISIC_0034985.jpg,benign,benign,0.9986445
ISIC_0034986.jpg,benign,benign,0.99975866
ISIC_0034988.jpg,malignant,malignant,0.96594596
ISIC_0034989.jpg,benign,benign,0.98848176
ISIC_0034990.jpg,benign,benign,0.9978745
ISIC_0034991.jpg,benign,benign,0.99978936
ISIC_0034992.jpg,benign,malignant,0.7420452
ISIC_0034996.jpg,benign,benign,0.9483642
ISIC_0034998.jpg,malignant,malignant,0.9579581
ISIC_0035000.jpg,malignant,malignant,0.78783
ISIC_0035002.jpg,benign,benign,0.9792623
ISIC_0035003.jpg,benign,benign,0.99932677
ISIC_0035005.jpg,benign,benign,0.89897937
ISIC_0035006.jpg,benign,benign,0.8671184
ISIC_0035007.jpg,benign,benign,0.7478363
ISIC_0035009.jpg,benign,benign,0.7800293
ISIC_0035011.jpg,benign,malignant,0.62559026
ISIC_0035013.jpg,benign,benign,0.9999391
ISIC_0035014.jpg,benign,benign,0.9995118
ISIC_0035015.jpg,benign,benign,0.9998887
ISIC_0035016.jpg,benign,benign,0.99711865
ISIC_0035017.jpg,benign,benign,0.99993455
ISIC_0035019.jpg,benign,malignant,0.71984553
ISIC_0035020.jpg,benign,benign,0.9919325
ISIC_0035021.jpg,malignant,malignant,0.8917221
ISIC_0035022.jpg,benign,benign,0.9991962
ISIC_0035023.jpg,benign,malignant,0.9931625
ISIC_0035024.jpg,benign,benign,0.9962754
ISIC_0035025.jpg,benign,benign,0.99909925
ISIC_0035027.jpg,benign,benign,0.9987043
ISIC_0035030.jpg,benign,benign,0.9997397
ISIC_0035031.jpg,benign,benign,0.996165
ISIC_0035034.jpg,benign,benign,0.99651897
ISIC_0035036.jpg,benign,benign,0.9988734
ISIC_0035038.jpg,benign,malignant,0.8293197
ISIC_0035044.jpg,benign,malignant,0.6973032
ISIC_0035045.jpg,benign,benign,0.99927765
ISIC_0035046.jpg,benign,malignant,0.5389121
ISIC_0035047.jpg,malignant,malignant,0.97765994
ISIC_0035048.jpg,malignant,malignant,0.9557341
ISIC_0035049.jpg,benign,benign,0.9997711
ISIC_0035050.jpg,benign,malignant,0.50607604
ISIC_0035051.jpg,benign,malignant,0.52883965
ISIC_0035052.jpg,benign,benign,0.99243844
ISIC_0035053.jpg,benign,benign,0.99993044
ISIC_0035055.jpg,benign,benign,0.9960656
ISIC_0035056.jpg,benign,benign,0.9997507
ISIC_0035058.jpg,benign,benign,0.99824756
ISIC_0035059.jpg,benign,benign,0.7150112
ISIC_0035060.jpg,benign,benign,0.9626525
ISIC_0035061.jpg,benign,benign,0.6237357
ISIC_0035062.jpg,benign,benign,0.9977886
ISIC_0035063.jpg,benign,benign,0.969149
ISIC_0035065.jpg,benign,benign,0.9999515
ISIC_0035066.jpg,benign,benign,0.9907169
ISIC_0035067.jpg,benign,malignant,0.90866834
ISIC_0035068.jpg,benign,malignant,0.6116968
ISIC_0035070.jpg,malignant,benign,0.9561565
ISIC_0035071.jpg,benign,benign,0.9972188
ISIC_0035073.jpg,benign,benign,0.9937802
ISIC_0035074.jpg,benign,benign,0.9999438
ISIC_0035077.jpg,benign,benign,0.999513
ISIC_0035079.jpg,benign,benign,0.92156523
ISIC_0035080.jpg,benign,benign,0.9991885
ISIC_0035081.jpg,malignant,malignant,0.99662554
ISIC_0035082.jpg,benign,benign,0.9333485
ISIC_0035083.jpg,benign,benign,0.99990094
ISIC_0035084.jpg,benign,benign,0.9997764
ISIC_0035085.jpg,benign,benign,0.90907437
ISIC_0035086.jpg,benign,benign,0.9963887
ISIC_0035087.jpg,benign,benign,0.99998343
ISIC_0035088.jpg,benign,benign,0.99939644
ISIC_0035089.jpg,malignant,malignant,0.89649224
ISIC_0035090.jpg,malignant,benign,0.70186734
ISIC_0035091.jpg,benign,benign,0.66723454
ISIC_0035092.jpg,benign,benign,0.96121514
ISIC_0035093.jpg,benign,benign,0.98106676
ISIC_0035094.jpg,benign,malignant,0.58995104
ISIC_0035096.jpg,benign,benign,0.99909186
ISIC_0035097.jpg,benign,benign,0.9346955
ISIC_0035098.jpg,benign,benign,0.9990618
ISIC_0035099.jpg,malignant,malignant,0.99945956
ISIC_0035100.jpg,benign,malignant,0.7284121
ISIC_0035101.jpg,benign,malignant,0.845032
ISIC_0035102.jpg,benign,benign,0.9987161
ISIC_0035103.jpg,benign,benign,0.9995936
ISIC_0035105.jpg,benign,benign,0.9675472
ISIC_0035107.jpg,benign,benign,0.9992158
ISIC_0035108.jpg,benign,benign,0.98347515
ISIC_0035111.jpg,benign,benign,0.99984443
ISIC_0035113.jpg,benign,benign,0.99985594
ISIC_0035114.jpg,benign,benign,0.9997607
ISIC_0035116.jpg,benign,malignant,0.78720856
ISIC_0035118.jpg,benign,benign,0.9985621
ISIC_0035121.jpg,benign,benign,0.99726737
ISIC_0035122.jpg,benign,benign,0.99262303
ISIC_0035123.jpg,benign,benign,0.96613556
ISIC_0035124.jpg,malignant,malignant,0.6348746
ISIC_0035126.jpg,benign,malignant,0.6316938
ISIC_0035129.jpg,benign,benign,0.93366617
ISIC_0035130.jpg,malignant,malignant,0.8786755
ISIC_0035132.jpg,benign,benign,0.89375776
ISIC_0035133.jpg,benign,benign,0.98794943
ISIC_0035134.jpg,benign,benign,0.99847144
ISIC_0035135.jpg,benign,benign,0.99996775
ISIC_0035137.jpg,benign,benign,0.8860646
ISIC_0035138.jpg,benign,benign,0.99862176
ISIC_0035139.jpg,malignant,benign,0.70777035
ISIC_0035140.jpg,benign,benign,0.9943468
ISIC_0035143.jpg,benign,benign,0.99963546
ISIC_0035144.jpg,benign,benign,0.9988932
ISIC_0035145.jpg,benign,benign,0.99995506
ISIC_0035146.jpg,benign,benign,0.99847955
ISIC_0035148.jpg,benign,benign,0.908341
ISIC_0035150.jpg,benign,malignant,0.9670776
ISIC_0035152.jpg,benign,malignant,0.71127707
ISIC_0035153.jpg,benign,benign,0.9980434
ISIC_0035156.jpg,benign,benign,0.98624134
ISIC_0035157.jpg,benign,benign,0.98699045
ISIC_0035158.jpg,benign,benign,0.99304724
ISIC_0035160.jpg,benign,benign,0.99995905
ISIC_0035161.jpg,benign,benign,0.998715
ISIC_0035162.jpg,benign,benign,0.65917385
ISIC_0035164.jpg,benign,benign,0.9969996
ISIC_0035165.jpg,benign,benign,0.999884
ISIC_0035166.jpg,benign,benign,0.91418624
ISIC_0035167.jpg,benign,benign,0.9984213
ISIC_0035169.jpg,benign,benign,0.9989867
ISIC_0035170.jpg,benign,benign,0.9280683
ISIC_0035172.jpg,benign,benign,0.9988782
ISIC_0035173.jpg,benign,benign,0.99988186
ISIC_0035175.jpg,benign,benign,0.9997415
ISIC_0035176.jpg,benign,benign,0.77859664
ISIC_0035177.jpg,malignant,malignant,0.992649
ISIC_0035178.jpg,benign,malignant,0.90884465
ISIC_0035181.jpg,benign,benign,0.9998215
ISIC_0035182.jpg,benign,benign,0.9990069
ISIC_0035184.jpg,benign,benign,0.99075747
ISIC_0035186.jpg,benign,benign,0.7668835
ISIC_0035187.jpg,benign,benign,0.8584205
ISIC_0035188.jpg,benign,benign,0.9994808
ISIC_0035189.jpg,benign,benign,0.87111205
ISIC_0035191.jpg,benign,benign,0.99910825
ISIC_0035192.jpg,benign,benign,0.9999597
ISIC_0035193.jpg,benign,benign,0.99968815
ISIC_0035195.jpg,benign,benign,0.9999791
ISIC_0035196.jpg,malignant,malignant,0.9821399
ISIC_0035197.jpg,benign,benign,0.7542255
ISIC_0035198.jpg,benign,benign,0.99982345
ISIC_0035199.jpg,benign,malignant,0.9887476
ISIC_0035200.jpg,benign,malignant,0.98005474
ISIC_0035201.jpg,benign,benign,0.9994664
ISIC_0035204.jpg,benign,benign,0.9978404
ISIC_0035205.jpg,benign,benign,0.99728227
ISIC_0035207.jpg,malignant,malignant,0.99366176
ISIC_0035208.jpg,benign,benign,0.9980513
ISIC_0035209.jpg,benign,benign,0.9990847
ISIC_0035211.jpg,benign,benign,0.99980676
ISIC_0035213.jpg,benign,benign,0.97056174
ISIC_0035214.jpg,benign,benign,0.9983261
ISIC_0035215.jpg,benign,benign,0.9998907
ISIC_0035216.jpg,malignant,malignant,0.9922579
ISIC_0035217.jpg,benign,benign,0.93286824
ISIC_0035219.jpg,benign,benign,0.9997338
ISIC_0035220.jpg,benign,benign,0.94086456
ISIC_0035221.jpg,benign,benign,0.9983911
ISIC_0035222.jpg,benign,benign,0.61284137
ISIC_0035223.jpg,benign,benign,0.9917956
ISIC_0035224.jpg,malignant,malignant,0.9918733
ISIC_0035225.jpg,benign,benign,0.96020675
ISIC_0035227.jpg,benign,benign,0.98380166
ISIC_0035228.jpg,benign,benign,0.999721
ISIC_0035229.jpg,malignant,malignant,0.9863565
ISIC_0035230.jpg,benign,benign,0.9998153
ISIC_0035231.jpg,benign,benign,0.9997127
ISIC_0035232.jpg,malignant,malignant,0.9950676
ISIC_0035233.jpg,benign,benign,0.99839395
ISIC_0035234.jpg,benign,benign,0.9988365
ISIC_0035235.jpg,benign,benign,0.99425334
ISIC_0035236.jpg,benign,benign,0.9816369
ISIC_0035237.jpg,benign,benign,0.99461883
ISIC_0035238.jpg,benign,benign,0.9995482
ISIC_0035240.jpg,malignant,malignant,0.9879125
ISIC_0035241.jpg,benign,benign,0.87846166
ISIC_0035242.jpg,benign,benign,0.9843472
ISIC_0035244.jpg,benign,benign,0.9991465
ISIC_0035245.jpg,benign,malignant,0.98348814
ISIC_0035246.jpg,benign,malignant,0.9714273
ISIC_0035248.jpg,malignant,malignant,0.6386691
ISIC_0035250.jpg,benign,benign,0.9115557
ISIC_0035253.jpg,benign,benign,0.96556395
ISIC_0035255.jpg,benign,benign,0.9938015
ISIC_0035256.jpg,benign,benign,0.9996043
ISIC_0035257.jpg,benign,benign,0.98927593
ISIC_0035260.jpg,benign,benign,0.998166
ISIC_0035263.jpg,malignant,benign,0.5380572
ISIC_0035265.jpg,benign,benign,0.51116383
ISIC_0035266.jpg,benign,benign,0.99919015
ISIC_0035267.jpg,benign,benign,0.8723903
ISIC_0035268.jpg,benign,benign,0.99776113
ISIC_0035271.jpg,malignant,malignant,0.50748724
ISIC_0035272.jpg,benign,benign,0.97056156
ISIC_0035273.jpg,benign,benign,0.99974966
ISIC_0035274.jpg,benign,benign,0.9988596
ISIC_0035275.jpg,benign,benign,0.953536
ISIC_0035278.jpg,benign,benign,0.99972457
ISIC_0035280.jpg,malignant,malignant,0.5547362
ISIC_0035281.jpg,benign,benign,0.9996451
ISIC_0035282.jpg,benign,benign,0.99984354
ISIC_0035283.jpg,benign,benign,0.9998448
ISIC_0035285.jpg,benign,benign,0.9987002
ISIC_0035286.jpg,benign,benign,0.9971728
ISIC_0035288.jpg,benign,benign,0.99912494
ISIC_0035289.jpg,benign,benign,0.9975828
ISIC_0035290.jpg,benign,malignant,0.98995215
ISIC_0035292.jpg,benign,benign,0.9936236
ISIC_0035294.jpg,benign,benign,0.99958557
ISIC_0035295.jpg,benign,benign,0.6522856
ISIC_0035296.jpg,benign,benign,0.9065393
ISIC_0035297.jpg,benign,benign,0.9996145
ISIC_0035298.jpg,benign,benign,0.99997956
ISIC_0035299.jpg,benign,benign,0.95600766
ISIC_0035300.jpg,benign,benign,0.99971247
ISIC_0035301.jpg,benign,benign,0.76740813
ISIC_0035302.jpg,benign,benign,0.9972166
ISIC_0035303.jpg,benign,benign,0.9892551
ISIC_0035304.jpg,benign,benign,0.97306544
ISIC_0035306.jpg,malignant,malignant,0.6558122
ISIC_0035307.jpg,benign,benign,0.89041317
ISIC_0035309.jpg,benign,benign,0.9996077
ISIC_0035311.jpg,benign,benign,0.99997455
ISIC_0035312.jpg,benign,benign,0.999986
ISIC_0035313.jpg,malignant,malignant,0.9991148
ISIC_0035314.jpg,benign,benign,0.99397135
ISIC_0035315.jpg,benign,benign,0.9985654
ISIC_0035319.jpg,benign,benign,0.995603
ISIC_0035320.jpg,benign,benign,0.9477888
ISIC_0035323.jpg,benign,benign,0.9988287
ISIC_0035324.jpg,benign,malignant,0.98163855
ISIC_0035325.jpg,benign,benign,0.9929842
ISIC_0035326.jpg,malignant,malignant,0.8149996
ISIC_0035327.jpg,benign,benign,0.6004968
ISIC_0035328.jpg,benign,benign,0.9998614
ISIC_0035329.jpg,benign,benign,0.96918553
ISIC_0035333.jpg,benign,benign,0.9998747
ISIC_0035335.jpg,benign,benign,0.99950504
ISIC_0035336.jpg,benign,benign,0.81687087
ISIC_0035337.jpg,benign,benign,0.99993867
ISIC_0035339.jpg,benign,benign,0.9993282
ISIC_0035341.jpg,benign,benign,0.9999381
ISIC_0035342.jpg,benign,benign,0.99996436
ISIC_0035343.jpg,benign,malignant,0.55712515
ISIC_0035344.jpg,benign,benign,0.9930897
ISIC_0035345.jpg,malignant,malignant,0.9943018
ISIC_0035346.jpg,benign,malignant,0.9905992
ISIC_0035347.jpg,benign,benign,0.99949175
ISIC_0035349.jpg,benign,benign,0.9740111
ISIC_0035350.jpg,benign,benign,0.99774176
ISIC_0035351.jpg,malignant,malignant,0.94344115
ISIC_0035352.jpg,benign,benign,0.9999594
ISIC_0035353.jpg,benign,benign,0.9982038
ISIC_0035354.jpg,benign,benign,0.99955106
ISIC_0035356.jpg,benign,benign,0.90530896
ISIC_0035358.jpg,benign,benign,0.99990004
ISIC_0035359.jpg,benign,benign,0.9993731
ISIC_0035361.jpg,benign,benign,0.9996367
ISIC_0035362.jpg,malignant,malignant,0.9410708
ISIC_0035363.jpg,benign,benign,0.9999487
ISIC_0035365.jpg,benign,benign,0.9997975
ISIC_0035366.jpg,malignant,malignant,0.8938824
ISIC_0035367.jpg,benign,benign,0.9998906
ISIC_0035369.jpg,benign,benign,0.99981475
ISIC_0035370.jpg,benign,malignant,0.7864155
ISIC_0035373.jpg,benign,benign,0.7175925
ISIC_0035375.jpg,benign,benign,0.9965663
ISIC_0035377.jpg,benign,benign,0.99715286
ISIC_0035378.jpg,benign,benign,0.880389
ISIC_0035379.jpg,benign,benign,0.9774542
ISIC_0035380.jpg,benign,benign,0.9687857
ISIC_0035381.jpg,benign,benign,0.7752272
ISIC_0035382.jpg,benign,benign,0.9803568
ISIC_0035383.jpg,benign,benign,0.9966392
ISIC_0035384.jpg,benign,benign,0.9934899
ISIC_0035385.jpg,benign,benign,0.89200264
ISIC_0035386.jpg,benign,benign,0.99506134
ISIC_0035387.jpg,benign,benign,0.997081
ISIC_0035390.jpg,benign,benign,0.9946805
ISIC_0035392.jpg,benign,malignant,0.95392364
ISIC_0035393.jpg,malignant,malignant,0.9715224
ISIC_0035394.jpg,benign,malignant,0.9874658
ISIC_0035395.jpg,benign,benign,0.9295419
ISIC_0035396.jpg,benign,benign,0.9988732
ISIC_0035397.jpg,malignant,malignant,0.7188161
ISIC_0035398.jpg,benign,malignant,0.9580351
ISIC_0035399.jpg,benign,benign,0.93021286
ISIC_0035400.jpg,benign,benign,0.9999391
ISIC_0035401.jpg,benign,benign,0.9999158
ISIC_0035402.jpg,benign,benign,0.99452156
ISIC_0035404.jpg,benign,benign,0.9965401
ISIC_0035405.jpg,benign,benign,0.9704164
ISIC_0035406.jpg,malignant,malignant,0.64865553
ISIC_0035407.jpg,benign,benign,0.9995608
ISIC_0035408.jpg,benign,benign,0.9917136
ISIC_0035409.jpg,benign,benign,0.9059898
ISIC_0035410.jpg,benign,benign,0.6992063
ISIC_0035411.jpg,benign,benign,0.9997426
ISIC_0035412.jpg,benign,benign,0.99768287
ISIC_0035413.jpg,benign,benign,0.98806053
ISIC_0035414.jpg,malignant,malignant,0.9854445
ISIC_0035417.jpg,benign,benign,0.7180635
ISIC_0035418.jpg,benign,benign,0.8916048
ISIC_0035419.jpg,benign,benign,0.85027695
ISIC_0035420.jpg,malignant,malignant,0.87183017
ISIC_0035422.jpg,benign,benign,0.9965745
ISIC_0035423.jpg,benign,malignant,0.87569076
ISIC_0035425.jpg,benign,malignant,0.914572
ISIC_0035427.jpg,benign,malignant,0.53151006
ISIC_0035428.jpg,benign,benign,0.99994916
ISIC_0035429.jpg,benign,benign,0.8040739
ISIC_0035430.jpg,malignant,malignant,0.999721
ISIC_0035431.jpg,benign,benign,0.99837536
ISIC_0035433.jpg,benign,malignant,0.92229825
ISIC_0035434.jpg,malignant,malignant,0.9747006
ISIC_0035435.jpg,benign,benign,0.9995994
ISIC_0035437.jpg,benign,benign,0.99954176
ISIC_0035438.jpg,benign,benign,0.99718
ISIC_0035441.jpg,benign,benign,0.97446024
ISIC_0035442.jpg,benign,benign,0.77926826
ISIC_0035444.jpg,benign,benign,0.9936848
ISIC_0035445.jpg,benign,benign,0.9665086
ISIC_0035447.jpg,benign,benign,0.9710679
ISIC_0035448.jpg,benign,benign,0.9947683
ISIC_0035449.jpg,benign,benign,0.8895878
ISIC_0035452.jpg,benign,benign,0.9999323
ISIC_0035453.jpg,benign,benign,0.9999473
ISIC_0035455.jpg,benign,benign,0.9572569
ISIC_0035456.jpg,benign,benign,0.96914196
ISIC_0035457.jpg,benign,malignant,0.55588585
ISIC_0035458.jpg,benign,malignant,0.98484045
ISIC_0035459.jpg,malignant,malignant,0.9361248
ISIC_0035460.jpg,malignant,malignant,0.8764335
ISIC_0035461.jpg,benign,benign,0.94604105
ISIC_0035462.jpg,malignant,malignant,0.8950177
ISIC_0035465.jpg,benign,malignant,0.9722467
ISIC_0035467.jpg,benign,benign,0.9969312
ISIC_0035469.jpg,benign,benign,0.98034585
ISIC_0035470.jpg,benign,benign,0.9454007
ISIC_0035473.jpg,benign,benign,0.9990489
ISIC_0035474.jpg,benign,benign,0.8922372
ISIC_0035476.jpg,benign,benign,0.9999372
ISIC_0035477.jpg,benign,benign,0.99989396
ISIC_0035478.jpg,malignant,malignant,0.98886
ISIC_0035479.jpg,benign,benign,0.980694
ISIC_0035480.jpg,benign,benign,0.99991864
ISIC_0035481.jpg,benign,benign,0.97660697
ISIC_0035482.jpg,benign,benign,0.99952483
ISIC_0035483.jpg,benign,benign,0.98892397
ISIC_0035484.jpg,benign,benign,0.5802606
ISIC_0035485.jpg,benign,benign,0.979246
ISIC_0035486.jpg,malignant,malignant,0.9999566
ISIC_0035488.jpg,benign,benign,0.9955578
ISIC_0035489.jpg,benign,benign,0.85901344
ISIC_0035491.jpg,benign,malignant,0.799583
ISIC_0035492.jpg,benign,benign,0.99286187
ISIC_0035493.jpg,benign,benign,0.9479815
ISIC_0035494.jpg,benign,malignant,0.9651829
ISIC_0035495.jpg,benign,benign,0.9349092
ISIC_0035496.jpg,benign,benign,0.9988973
ISIC_0035497.jpg,benign,benign,0.9995947
ISIC_0035498.jpg,benign,benign,0.9981625
ISIC_0035499.jpg,benign,benign,0.9999165
ISIC_0035500.jpg,benign,benign,0.99957824
ISIC_0035501.jpg,benign,benign,0.99921626
ISIC_0035503.jpg,benign,benign,0.99931765
ISIC_0035505.jpg,malignant,malignant,0.9998568
ISIC_0035506.jpg,benign,benign,0.9803197
ISIC_0035507.jpg,benign,benign,0.99576855
ISIC_0035508.jpg,benign,benign,0.9997505
ISIC_0035509.jpg,benign,benign,0.89436316
ISIC_0035510.jpg,malignant,malignant,0.7939463
ISIC_0035512.jpg,benign,benign,0.9998912
ISIC_0035513.jpg,benign,benign,0.9990361
ISIC_0035515.jpg,benign,benign,0.9849336
ISIC_0035516.jpg,benign,malignant,0.5983243
ISIC_0035518.jpg,benign,benign,0.99399155
ISIC_0035519.jpg,benign,benign,0.9972969
ISIC_0035520.jpg,benign,benign,0.51928794
ISIC_0035521.jpg,benign,benign,0.83112115
ISIC_0035522.jpg,malignant,malignant,0.9960573
ISIC_0035523.jpg,benign,benign,0.99988055
ISIC_0035524.jpg,benign,benign,0.99991906
ISIC_0035525.jpg,malignant,benign,0.7305058
ISIC_0035526.jpg,benign,benign,0.994109
ISIC_0035527.jpg,benign,benign,0.8858029
ISIC_0035528.jpg,benign,malignant,0.627267
ISIC_0035529.jpg,benign,benign,0.9991933
ISIC_0035530.jpg,benign,benign,0.9998169
ISIC_0035531.jpg,benign,benign,0.99925005
ISIC_0035532.jpg,benign,benign,0.9974773
ISIC_0035534.jpg,benign,benign,0.99711615
ISIC_0035535.jpg,benign,benign,0.91338885
ISIC_0035536.jpg,benign,benign,0.9998372
ISIC_0035537.jpg,benign,benign,0.9999844
ISIC_0035539.jpg,benign,benign,0.9915289
ISIC_0035540.jpg,benign,benign,0.9990544
ISIC_0035541.jpg,benign,benign,0.99467707
ISIC_0035542.jpg,benign,benign,0.9781588
ISIC_0035543.jpg,benign,benign,0.9656016
ISIC_0035544.jpg,benign,benign,0.9995577
ISIC_0035545.jpg,benign,benign,0.86531043
ISIC_0035546.jpg,benign,benign,0.9895278
ISIC_0035548.jpg,benign,benign,0.9998642
ISIC_0035550.jpg,malignant,malignant,0.9480185
ISIC_0035551.jpg,benign,benign,0.98727435
ISIC_0035554.jpg,benign,benign,0.7042711
ISIC_0035555.jpg,benign,benign,0.99059874
ISIC_0035557.jpg,benign,benign,0.99363
ISIC_0035558.jpg,malignant,malignant,0.9429014
ISIC_0035559.jpg,benign,benign,0.99823546
ISIC_0035560.jpg,benign,benign,0.9998415
ISIC_0035561.jpg,malignant,malignant,0.83148885
ISIC_0035562.jpg,malignant,malignant,0.97159374
ISIC_0035563.jpg,benign,benign,0.9999412
ISIC_0035565.jpg,benign,benign,0.97969794
ISIC_0035566.jpg,benign,benign,0.9968655
ISIC_0035567.jpg,benign,benign,0.9999769
ISIC_0035568.jpg,benign,benign,0.99997026
ISIC_0035569.jpg,benign,benign,0.99966127
ISIC_0035571.jpg,benign,benign,0.8361642
ISIC_0035572.jpg,benign,benign,0.9997447
ISIC_0035573.jpg,benign,benign,0.948549
ISIC_0035574.jpg,benign,benign,0.9850177
ISIC_0035575.jpg,benign,benign,0.9882754
ISIC_0035576.jpg,benign,benign,0.9818122
ISIC_0035577.jpg,benign,benign,0.9993894
ISIC_0035578.jpg,benign,benign,0.99972004
ISIC_0035579.jpg,benign,benign,0.8689418
ISIC_0035580.jpg,benign,benign,0.99995494
ISIC_0035581.jpg,benign,benign,0.9287451
ISIC_0035582.jpg,benign,benign,0.56488186
ISIC_0035583.jpg,benign,benign,0.6351099
ISIC_0035587.jpg,benign,benign,0.99975955
ISIC_0035591.jpg,benign,benign,0.998035
ISIC_0035592.jpg,benign,benign,0.90495217
ISIC_0035596.jpg,benign,benign,0.99902457
ISIC_0035597.jpg,benign,malignant,0.7377209
ISIC_0035598.jpg,benign,benign,0.9999663
ISIC_0035600.jpg,benign,benign,0.9704635
ISIC_0035601.jpg,benign,benign,0.96642315
ISIC_0035602.jpg,malignant,malignant,0.7588636
ISIC_0035604.jpg,benign,benign,0.99996966
ISIC_0035605.jpg,malignant,benign,0.9709034
ISIC_0035606.jpg,malignant,malignant,0.6176464
ISIC_0035609.jpg,benign,benign,0.9883797
ISIC_0035610.jpg,malignant,malignant,0.97669524
ISIC_0035611.jpg,benign,benign,0.9995688
ISIC_0035614.jpg,benign,benign,0.99869645
ISIC_0035615.jpg,benign,benign,0.934395
ISIC_0035616.jpg,benign,benign,0.9988293
ISIC_0035617.jpg,benign,benign,0.997756
ISIC_0035618.jpg,benign,benign,0.9999638
ISIC_0035621.jpg,benign,benign,0.99817693
ISIC_0035623.jpg,benign,benign,0.86373466
ISIC_0035628.jpg,benign,benign,0.9999294
ISIC_0035629.jpg,malignant,malignant,0.82513106
ISIC_0035632.jpg,benign,malignant,0.96384335
ISIC_0035636.jpg,malignant,benign,0.74080205
ISIC_0035637.jpg,malignant,malignant,0.99896884
ISIC_0035638.jpg,benign,benign,0.998867
ISIC_0035639.jpg,benign,benign,0.9656885
ISIC_0035640.jpg,malignant,malignant,0.9939074
ISIC_0035641.jpg,benign,benign,0.973092
ISIC_0035644.jpg,benign,benign,0.9919269
ISIC_0035646.jpg,benign,benign,0.977159
ISIC_0035647.jpg,benign,benign,0.99993145
ISIC_0035648.jpg,benign,benign,0.84889203
ISIC_0035649.jpg,benign,benign,0.99894154
ISIC_0035651.jpg,malignant,malignant,0.99078065
ISIC_0035652.jpg,benign,malignant,0.817725
ISIC_0035653.jpg,malignant,malignant,0.9985676
ISIC_0035654.jpg,benign,benign,0.9477245
ISIC_0035656.jpg,benign,benign,0.70543206
ISIC_0035657.jpg,benign,malignant,0.91028196
ISIC_0035659.jpg,benign,benign,0.8874735
ISIC_0035662.jpg,benign,benign,0.93759996
ISIC_0035663.jpg,malignant,benign,0.5930451
ISIC_0035665.jpg,benign,benign,0.98623604
ISIC_0035666.jpg,benign,malignant,0.96970046
ISIC_0035668.jpg,benign,benign,0.5045471
ISIC_0035670.jpg,malignant,benign,0.9683074
ISIC_0035671.jpg,benign,benign,0.9690485
ISIC_0035672.jpg,benign,benign,0.8464539
ISIC_0035673.jpg,benign,malignant,0.61271214
ISIC_0035674.jpg,benign,benign,0.9883798
ISIC_0035678.jpg,benign,benign,0.9615422
ISIC_0035680.jpg,malignant,malignant,0.5312022
ISIC_0035681.jpg,benign,benign,0.9670589
ISIC_0035682.jpg,malignant,malignant,0.87295777
ISIC_0035684.jpg,benign,malignant,0.5889747
ISIC_0035686.jpg,benign,benign,0.7438521
ISIC_0035687.jpg,benign,benign,0.9754602
ISIC_0035688.jpg,benign,benign,0.9465455
ISIC_0035689.jpg,benign,malignant,0.65707535
ISIC_0035690.jpg,malignant,malignant,0.9733251
ISIC_0035693.jpg,benign,malignant,0.56556755
ISIC_0035696.jpg,malignant,malignant,0.99749494
ISIC_0035697.jpg,benign,benign,0.9968339
ISIC_0035698.jpg,malignant,malignant,0.99918145
ISIC_0035699.jpg,benign,benign,0.6415686
ISIC_0035700.jpg,malignant,benign,0.8181711
ISIC_0035702.jpg,benign,benign,0.9108329
ISIC_0035703.jpg,benign,benign,0.9661663
ISIC_0035704.jpg,benign,malignant,0.8726994
ISIC_0035705.jpg,malignant,malignant,0.9946938
ISIC_0035706.jpg,benign,benign,0.9979519
ISIC_0035707.jpg,benign,benign,0.9948558
ISIC_0035708.jpg,malignant,malignant,0.859284
ISIC_0035709.jpg,benign,benign,0.98029363
ISIC_0035710.jpg,benign,malignant,0.84939003
ISIC_0035711.jpg,malignant,malignant,0.9662628
ISIC_0035712.jpg,benign,benign,0.9303547
ISIC_0035713.jpg,benign,benign,0.99542105
ISIC_0035714.jpg,malignant,benign,0.73555017
ISIC_0035716.jpg,benign,malignant,0.65491956
ISIC_0035717.jpg,benign,benign,0.5483141
ISIC_0035719.jpg,malignant,malignant,0.9860517
ISIC_0035720.jpg,malignant,malignant,0.998135
ISIC_0035721.jpg,malignant,malignant,0.9811033
ISIC_0035722.jpg,benign,benign,0.94343203
ISIC_0035725.jpg,benign,benign,0.5920047
ISIC_0035726.jpg,benign,benign,0.6335331
ISIC_0035727.jpg,benign,benign,0.85444975
ISIC_0035728.jpg,benign,benign,0.8896376
ISIC_0035731.jpg,benign,benign,0.9408197
ISIC_0035732.jpg,malignant,malignant,0.8281615
ISIC_0035734.jpg,benign,malignant,0.60243005
ISIC_0035736.jpg,malignant,malignant,0.99908376
ISIC_0035738.jpg,benign,benign,0.80290264
ISIC_0035740.jpg,benign,benign,0.9693577
ISIC_0035742.jpg,benign,malignant,0.8272139
ISIC_0035743.jpg,benign,benign,0.9937111
ISIC_0035745.jpg,benign,benign,0.60659814
ISIC_0035746.jpg,benign,malignant,0.96083647
ISIC_0035747.jpg,malignant,malignant,0.90596443
ISIC_0035748.jpg,malignant,malignant,0.99981445
ISIC_0035749.jpg,benign,benign,0.97968507
ISIC_0035756.jpg,malignant,malignant,0.6315572
ISIC_0035757.jpg,benign,malignant,0.61544836
ISIC_0035758.jpg,benign,malignant,0.84254515
ISIC_0035760.jpg,benign,benign,0.6471137
ISIC_0035762.jpg,benign,benign,0.8864428
ISIC_0035764.jpg,malignant,malignant,0.9080524
ISIC_0035766.jpg,malignant,malignant,0.7572484
ISIC_0035767.jpg,malignant,benign,0.6403541
ISIC_0035769.jpg,benign,benign,0.9525949
ISIC_0035770.jpg,benign,benign,0.7827511
ISIC_0035771.jpg,benign,benign,0.97592247
ISIC_0035773.jpg,benign,malignant,0.8454581
ISIC_0035774.jpg,benign,benign,0.9991635
ISIC_0035775.jpg,benign,benign,0.982644
ISIC_0035777.jpg,benign,benign,0.9535994
ISIC_0035779.jpg,benign,benign,0.6148002
ISIC_0035780.jpg,benign,benign,0.90069115
ISIC_0035781.jpg,benign,malignant,0.8620266
ISIC_0035782.jpg,benign,benign,0.9313863
ISIC_0035783.jpg,benign,malignant,0.6046257
ISIC_0035784.jpg,benign,benign,0.9779257
ISIC_0035785.jpg,benign,benign,0.995992
ISIC_0035786.jpg,benign,benign,0.999036
ISIC_0035788.jpg,benign,benign,0.8930264
ISIC_0035789.jpg,malignant,malignant,0.988113
ISIC_0035791.jpg,benign,benign,0.7772038
ISIC_0035792.jpg,benign,benign,0.5563826
ISIC_0035793.jpg,benign,benign,0.6806643
ISIC_0035794.jpg,malignant,malignant,0.9694194
ISIC_0035795.jpg,benign,malignant,0.8466451
ISIC_0035796.jpg,benign,malignant,0.78640366
ISIC_0035797.jpg,benign,benign,0.90788484
ISIC_0035798.jpg,benign,benign,0.5486503
ISIC_0035800.jpg,benign,malignant,0.9108584
ISIC_0035801.jpg,benign,benign,0.9894745
ISIC_0035803.jpg,benign,malignant,0.6244793
ISIC_0035804.jpg,benign,benign,0.9699842
ISIC_0035806.jpg,benign,malignant,0.9981358
ISIC_0035808.jpg,benign,benign,0.81202066
ISIC_0035809.jpg,benign,benign,0.6099663
ISIC_0035811.jpg,benign,benign,0.84394306
ISIC_0035812.jpg,benign,benign,0.8698416
ISIC_0035813.jpg,benign,malignant,0.61273795
ISIC_0035815.jpg,benign,malignant,0.5890858
ISIC_0035816.jpg,malignant,malignant,0.9096595
ISIC_0035817.jpg,benign,benign,0.99448407
ISIC_0035819.jpg,malignant,malignant,0.97759444
ISIC_0035820.jpg,benign,malignant,0.63416356
ISIC_0035822.jpg,benign,malignant,0.6911121
ISIC_0035823.jpg,malignant,benign,0.5285032
ISIC_0035825.jpg,malignant,malignant,0.91589737
ISIC_0035826.jpg,malignant,malignant,0.99868816
ISIC_0035827.jpg,malignant,malignant,0.6418566
ISIC_0035828.jpg,benign,benign,0.69199574
ISIC_0035830.jpg,benign,malignant,0.5082012
ISIC_0035832.jpg,benign,malignant,0.7752845
ISIC_0035835.jpg,benign,benign,0.7801859
ISIC_0035836.jpg,benign,malignant,0.663632
ISIC_0035837.jpg,benign,malignant,0.6041042
ISIC_0035838.jpg,benign,benign,0.8930298
ISIC_0035839.jpg,benign,benign,0.7046572
ISIC_0035840.jpg,benign,benign,0.95042217
ISIC_0035841.jpg,benign,benign,0.98853153
ISIC_0035843.jpg,benign,benign,0.9586799
ISIC_0035845.jpg,malignant,malignant,0.97190213
ISIC_0035846.jpg,malignant,malignant,0.9962597
ISIC_0035849.jpg,benign,benign,0.7995527
ISIC_0035850.jpg,benign,benign,0.9925673
ISIC_0035851.jpg,benign,malignant,0.8596145
ISIC_0035853.jpg,malignant,malignant,0.70727533
ISIC_0035854.jpg,malignant,malignant,0.98904616
ISIC_0035856.jpg,benign,malignant,0.79505616
ISIC_0035857.jpg,benign,benign,0.9925498
ISIC_0035858.jpg,benign,malignant,0.7215358
ISIC_0035859.jpg,benign,benign,0.93873614
ISIC_0035860.jpg,benign,benign,0.9807815
ISIC_0035861.jpg,benign,malignant,0.8661244
ISIC_0035862.jpg,benign,benign,0.8316561
ISIC_0035864.jpg,benign,malignant,0.5523249
ISIC_0035867.jpg,benign,benign,0.9737282
ISIC_0035868.jpg,malignant,malignant,0.98127615
ISIC_0035869.jpg,benign,benign,0.65852433
ISIC_0035870.jpg,benign,benign,0.98756087
ISIC_0035872.jpg,benign,malignant,0.9169833
ISIC_0035874.jpg,benign,malignant,0.5923934
ISIC_0035875.jpg,benign,malignant,0.6299012
ISIC_0035877.jpg,malignant,benign,0.5496449
ISIC_0035879.jpg,benign,malignant,0.59581155
ISIC_0035880.jpg,benign,benign,0.95506203
ISIC_0035883.jpg,benign,malignant,0.8220555
ISIC_0035884.jpg,benign,benign,0.90379965
ISIC_0035885.jpg,benign,malignant,0.92249393
ISIC_0035886.jpg,benign,benign,0.9768483
ISIC_0035887.jpg,malignant,malignant,0.99337304
ISIC_0035888.jpg,malignant,malignant,0.9757195
ISIC_0035889.jpg,malignant,malignant,0.986709
ISIC_0035891.jpg,benign,benign,0.7375002
ISIC_0035892.jpg,benign,malignant,0.9824463
ISIC_0035893.jpg,benign,benign,0.97584164
ISIC_0035894.jpg,malignant,malignant,0.99897265
ISIC_0035895.jpg,benign,benign,0.5957675
ISIC_0035896.jpg,benign,benign,0.76890457
ISIC_0035897.jpg,benign,malignant,0.53215444
ISIC_0035898.jpg,benign,benign,0.9925454
ISIC_0035900.jpg,malignant,malignant,0.99462456
ISIC_0035902.jpg,malignant,malignant,0.992363
ISIC_0035903.jpg,benign,malignant,0.7957135
ISIC_0035906.jpg,benign,benign,0.8703276
ISIC_0035907.jpg,benign,malignant,0.59525913
ISIC_0035909.jpg,benign,malignant,0.5368016
ISIC_0035911.jpg,malignant,malignant,0.98469085
ISIC_0035912.jpg,benign,benign,0.9566935
ISIC_0035913.jpg,malignant,malignant,0.9944127
ISIC_0035914.jpg,malignant,malignant,0.9989053
ISIC_0035916.jpg,benign,benign,0.7820494
ISIC_0035920.jpg,malignant,malignant,0.58315694
ISIC_0035921.jpg,benign,malignant,0.7442815
ISIC_0035922.jpg,malignant,malignant,0.9989261
ISIC_0035923.jpg,malignant,malignant,0.9833634
ISIC_0035924.jpg,benign,benign,0.5641618
ISIC_0035927.jpg,benign,benign,0.8424506
ISIC_0035928.jpg,benign,malignant,0.6264715
ISIC_0035929.jpg,malignant,benign,0.8696576
ISIC_0035930.jpg,benign,malignant,0.936272
ISIC_0035934.jpg,malignant,benign,0.8192256
ISIC_0035935.jpg,benign,malignant,0.8901844
ISIC_0035936.jpg,benign,benign,0.52856606
ISIC_0035938.jpg,malignant,malignant,0.7616673
ISIC_0035939.jpg,benign,malignant,0.86640215
ISIC_0035941.jpg,benign,benign,0.93281436
ISIC_0035943.jpg,benign,benign,0.975995
ISIC_0035945.jpg,benign,benign,0.92604333
ISIC_0035947.jpg,benign,benign,0.74846363
ISIC_0035948.jpg,benign,benign,0.9078739
ISIC_0035951.jpg,benign,benign,0.6647625
ISIC_0035954.jpg,benign,benign,0.85686153
ISIC_0035956.jpg,malignant,malignant,0.9999505
ISIC_0035958.jpg,benign,malignant,0.981354
ISIC_0035961.jpg,benign,benign,0.99083793
ISIC_0035962.jpg,benign,benign,0.615607
ISIC_0035963.jpg,benign,benign,0.5256951
ISIC_0035964.jpg,malignant,malignant,0.9151637
ISIC_0035965.jpg,benign,benign,0.71227825
ISIC_0035966.jpg,benign,malignant,0.67825514
ISIC_0035967.jpg,benign,benign,0.55615985
ISIC_0035968.jpg,malignant,malignant,0.9824728
ISIC_0035969.jpg,benign,malignant,0.83761287
ISIC_0035970.jpg,benign,benign,0.99029255
ISIC_0035971.jpg,benign,benign,0.9649984
ISIC_0035972.jpg,benign,malignant,0.56308943
ISIC_0035973.jpg,benign,benign,0.51360124
ISIC_0035974.jpg,benign,benign,0.9928829
ISIC_0035975.jpg,benign,benign,0.5978422
ISIC_0035978.jpg,benign,benign,0.7253399
ISIC_0035979.jpg,benign,benign,0.99758565
ISIC_0035980.jpg,benign,malignant,0.91929597
ISIC_0035981.jpg,benign,benign,0.75584626
ISIC_0035983.jpg,benign,benign,0.79325527
ISIC_0035984.jpg,benign,malignant,0.95177317
ISIC_0035985.jpg,benign,benign,0.97852725
ISIC_0035986.jpg,malignant,malignant,0.98593324
ISIC_0035987.jpg,benign,benign,0.91932327
ISIC_0035988.jpg,benign,benign,0.9580109
ISIC_0035989.jpg,benign,malignant,0.9745334
ISIC_0035990.jpg,benign,benign,0.9613211
ISIC_0035991.jpg,benign,benign,0.6414691
ISIC_0035992.jpg,malignant,malignant,0.9362989
ISIC_0035994.jpg,benign,benign,0.9632154
ISIC_0035995.jpg,benign,benign,0.6602223
ISIC_0035997.jpg,malignant,malignant,0.5955223
ISIC_0035998.jpg,benign,benign,0.9686784
ISIC_0035999.jpg,benign,benign,0.9991355
ISIC_0036001.jpg,benign,malignant,0.9692881
ISIC_0036005.jpg,malignant,benign,0.6803751
ISIC_0036010.jpg,benign,malignant,0.50585794
ISIC_0036012.jpg,malignant,malignant,0.9975649
ISIC_0036013.jpg,benign,malignant,0.5470618
ISIC_0036014.jpg,benign,benign,0.99265647
ISIC_0036017.jpg,benign,benign,0.85517013
ISIC_0036020.jpg,benign,benign,0.848096
ISIC_0036024.jpg,benign,malignant,0.8014535
ISIC_0036026.jpg,malignant,malignant,0.9997087
ISIC_0036027.jpg,benign,benign,0.9995009
ISIC_0036028.jpg,benign,benign,0.93181336
ISIC_0036029.jpg,malignant,malignant,0.6981566
ISIC_0036030.jpg,benign,malignant,0.883268
ISIC_0036033.jpg,benign,benign,0.68552977
ISIC_0036034.jpg,malignant,malignant,0.9584181
ISIC_0036036.jpg,benign,malignant,0.54924476
ISIC_0036037.jpg,benign,benign,0.96877754
ISIC_0036038.jpg,benign,malignant,0.61465204
ISIC_0036039.jpg,benign,benign,0.6285845
ISIC_0036040.jpg,benign,benign,0.9436865
ISIC_0036041.jpg,benign,benign,0.99880683
ISIC_0036042.jpg,benign,benign,0.9595139
ISIC_0036044.jpg,benign,malignant,0.78401643
ISIC_0036045.jpg,benign,malignant,0.74930304
ISIC_0036046.jpg,benign,benign,0.99705625
ISIC_0036047.jpg,benign,benign,0.95707065
ISIC_0036048.jpg,benign,malignant,0.72365534
ISIC_0036049.jpg,benign,benign,0.61359954
ISIC_0036051.jpg,malignant,malignant,0.9903138
ISIC_0036052.jpg,benign,benign,0.5454501
ISIC_0036054.jpg,benign,benign,0.6877543
ISIC_0036055.jpg,benign,benign,0.59453356
ISIC_0036056.jpg,malignant,malignant,0.5169613
ISIC_0036057.jpg,malignant,benign,0.52482414
ISIC_0036058.jpg,benign,benign,0.5005447
ISIC_0036059.jpg,benign,benign,0.9770118
ISIC_0036061.jpg,benign,benign,0.9367938
ISIC_2061976.jpg,benign,malignant,0.96272236
ISIC_1645097.jpg,malignant,malignant,0.9868798
ISIC_6367358.jpg,malignant,malignant,0.9588126
ISIC_6784337.jpg,malignant,malignant,0.9958962
ISIC_1105887.jpg,malignant,benign,0.55419767
ISIC_5990594.jpg,malignant,malignant,0.9663431
ISIC_6399573.jpg,malignant,malignant,0.9997476
ISIC_3832733.jpg,malignant,malignant,0.6423139
ISIC_8638329.jpg,benign,benign,0.88806
ISIC_4843324.jpg,malignant,benign,0.91159415
ISIC_4791649.jpg,benign,malignant,0.5529878
ISIC_9941636.jpg,malignant,benign,0.95459706
ISIC_5820839.jpg,benign,benign,0.68271196
ISIC_1246526.jpg,malignant,malignant,0.9851753
ISIC_9127831.jpg,malignant,malignant,0.9748947
ISIC_6168000.jpg,benign,benign,0.69691026
ISIC_7765155.jpg,benign,malignant,0.90445083
ISIC_0905720.jpg,benign,malignant,0.99546415
ISIC_4511541.jpg,benign,malignant,0.947635
ISIC_6923107.jpg,benign,benign,0.7334727
ISIC_4840630.jpg,benign,malignant,0.87424445
ISIC_1467892.jpg,benign,benign,0.9815345
ISIC_9972649.jpg,malignant,malignant,0.8611209
ISIC_3744161.jpg,malignant,malignant,0.99521965
ISIC_4335526.jpg,benign,benign,0.914587
ISIC_9000489.jpg,benign,malignant,0.9669425
ISIC_4586629.jpg,malignant,malignant,0.9810353
ISIC_7530668.jpg,benign,malignant,0.7398662
ISIC_0822843.jpg,benign,benign,0.76648325
ISIC_8866387.jpg,benign,malignant,0.99683774
ISIC_4543581.jpg,benign,benign,0.95713365
ISIC_4023678.jpg,malignant,benign,0.953647
ISIC_6303907.jpg,benign,malignant,0.8439562
ISIC_4620217.jpg,malignant,malignant,0.99925274
ISIC_0321944.jpg,malignant,malignant,0.939989
ISIC_2411589.jpg,benign,benign,0.63413674
ISIC_7878308.jpg,benign,malignant,0.9979779
ISIC_4425681.jpg,malignant,malignant,0.995492
ISIC_0157465.jpg,benign,benign,0.65903425
ISIC_4867539.jpg,malignant,malignant,0.50374633
ISIC_5206103.jpg,malignant,malignant,0.9960466
ISIC_4064127.jpg,benign,malignant,0.6373496
ISIC_8546843.jpg,malignant,malignant,0.99795485
ISIC_6149388.jpg,malignant,malignant,0.99090016
ISIC_7496552.jpg,benign,benign,0.9300218
ISIC_2358370.jpg,benign,benign,0.56591153
ISIC_9859545.jpg,benign,benign,0.9296755
ISIC_0467830.jpg,malignant,malignant,0.9440117
ISIC_0415769.jpg,benign,benign,0.9752532
ISIC_2977188.jpg,benign,malignant,0.90538996
ISIC_7611157.jpg,benign,benign,0.94856894
ISIC_7254126.jpg,benign,malignant,0.9610247
ISIC_3581982.jpg,malignant,malignant,0.5827589
ISIC_1563382.jpg,benign,benign,0.9353209
ISIC_6763419.jpg,benign,malignant,0.535359
ISIC_5672303.jpg,benign,malignant,0.83332694
ISIC_6269100.jpg,malignant,malignant,0.98783326
ISIC_7660464.jpg,benign,benign,0.7008604
ISIC_3777678.jpg,benign,malignant,0.9879484
ISIC_0698589.jpg,benign,benign,0.90591073
ISIC_4272793.jpg,benign,benign,0.6728743
ISIC_6389793.jpg,benign,benign,0.932965
ISIC_8966407.jpg,malignant,malignant,0.99915576
ISIC_9912548.jpg,benign,malignant,0.7438611
ISIC_1969370.jpg,benign,malignant,0.9995592
ISIC_7140852.jpg,benign,benign,0.9754197
ISIC_0793445.jpg,malignant,malignant,0.99608386
ISIC_5668296.jpg,benign,benign,0.89859897
ISIC_6095295.jpg,malignant,benign,0.74944925
ISIC_3159183.jpg,benign,benign,0.6842619
ISIC_9019695.jpg,benign,benign,0.8535551
ISIC_1662809.jpg,malignant,benign,0.7430619
ISIC_9504403.jpg,benign,malignant,0.9987935
ISIC_2346081.jpg,malignant,malignant,0.88299537
ISIC_8929221.jpg,benign,malignant,0.9594921
ISIC_2329180.jpg,benign,malignant,0.7304383
ISIC_8662001.jpg,malignant,malignant,0.9981292
ISIC_3955939.jpg,benign,malignant,0.60617423
ISIC_3721080.jpg,malignant,malignant,0.98669726
ISIC_1365846.jpg,benign,benign,0.62176824
ISIC_0328731.jpg,benign,malignant,0.8954134
ISIC_5939568.jpg,benign,malignant,0.9049762
ISIC_4384129.jpg,malignant,malignant,0.9988337
ISIC_0994345.jpg,benign,malignant,0.74091375
ISIC_4112120.jpg,benign,benign,0.99239385
ISIC_1376941.jpg,benign,benign,0.8235733
ISIC_1418706.jpg,benign,benign,0.88875806
ISIC_2235682.jpg,malignant,malignant,0.9736908
ISIC_0104229.jpg,malignant,malignant,0.9997352
ISIC_1396065.jpg,benign,malignant,0.99304855
ISIC_4856683.jpg,benign,malignant,0.9211309
ISIC_9153490.jpg,benign,malignant,0.86499625
ISIC_8039893.jpg,benign,benign,0.59522283
ISIC_1790470.jpg,benign,malignant,0.90973604
ISIC_9452490.jpg,malignant,malignant,0.8265651
ISIC_7235721.jpg,malignant,malignant,0.91494477
ISIC_7474544.jpg,benign,malignant,0.9666459
ISIC_6798316.jpg,malignant,malignant,0.998601
ISIC_2581432.jpg,malignant,malignant,0.9819903
ISIC_3615873.jpg,benign,benign,0.53132594
ISIC_7417402.jpg,malignant,malignant,0.9976708
ISIC_5035285.jpg,benign,malignant,0.9989524
ISIC_6242031.jpg,malignant,malignant,0.99948347
ISIC_1216673.jpg,benign,malignant,0.8588842
ISIC_8568371.jpg,benign,malignant,0.65596706
ISIC_8080250.jpg,malignant,malignant,0.74284565
ISIC_0967587.jpg,benign,malignant,0.62837833
ISIC_9830559.jpg,benign,malignant,0.9952377
ISIC_1211710.jpg,malignant,malignant,0.8416216
ISIC_2857123.jpg,malignant,malignant,0.61411816
ISIC_4853631.jpg,benign,malignant,0.7247707
ISIC_2887867.jpg,benign,malignant,0.636563
ISIC_4806646.jpg,benign,benign,0.78528875
ISIC_3190920.jpg,malignant,malignant,0.9901973
ISIC_3631780.jpg,malignant,malignant,0.98953295
ISIC_7144229.jpg,benign,benign,0.71284604
ISIC_6998510.jpg,benign,benign,0.74799657
ISIC_4527534.jpg,benign,benign,0.80077726
ISIC_6553846.jpg,malignant,malignant,0.9585403
ISIC_8321085.jpg,benign,malignant,0.97461647
ISIC_0406160.jpg,benign,benign,0.82540166
ISIC_1512054.jpg,benign,malignant,0.8764934
ISIC_8336318.jpg,malignant,malignant,0.984027
ISIC_7538059.jpg,malignant,malignant,0.5398796
ISIC_7687199.jpg,benign,malignant,0.8974755
ISIC_6334282.jpg,malignant,malignant,0.9839707
ISIC_7733134.jpg,benign,malignant,0.5260471
ISIC_5532418.jpg,benign,malignant,0.9776113
ISIC_2266220.jpg,benign,malignant,0.76379347
ISIC_9168295.jpg,benign,benign,0.6147995
ISIC_2043443.jpg,malignant,malignant,0.9228693
ISIC_5011827.jpg,benign,malignant,0.80677855
ISIC_5956582.jpg,malignant,malignant,0.9916121
ISIC_0995119.jpg,benign,benign,0.9569481
ISIC_6424909.jpg,malignant,malignant,0.9941462
ISIC_5366444.jpg,malignant,malignant,0.97632945
ISIC_9413613.jpg,benign,malignant,0.68025964
ISIC_7959932.jpg,benign,benign,0.96595347
ISIC_2577098.jpg,malignant,malignant,0.56269944
ISIC_1274177.jpg,benign,malignant,0.9897372
ISIC_7105211.jpg,malignant,malignant,0.9989255
ISIC_1735538.jpg,benign,benign,0.8406228
ISIC_7646845.jpg,benign,malignant,0.8305083
ISIC_2364514.jpg,malignant,malignant,0.994859
ISIC_6294286.jpg,malignant,malignant,0.99558735
ISIC_9096346.jpg,benign,malignant,0.73532695
ISIC_9767196.jpg,benign,benign,0.8960411
ISIC_3229915.jpg,benign,benign,0.66195655
ISIC_9702543.jpg,benign,malignant,0.80338216
ISIC_2620684.jpg,malignant,malignant,0.62781245
