image,prediction,label
ISIC_0034524.jpg,benign,benign
ISIC_0034525.jpg,benign,benign
ISIC_0034527.jpg,malignant,benign
ISIC_0034528.jpg,malignant,benign
ISIC_0034529.jpg,malignant,malignant
ISIC_0034530.jpg,benign,benign
ISIC_0034532.jpg,benign,benign
ISIC_0034533.jpg,benign,benign
ISIC_0034534.jpg,malignant,benign
ISIC_0034537.jpg,malignant,benign
ISIC_0034540.jpg,malignant,benign
ISIC_0034541.jpg,benign,benign
ISIC_0034543.jpg,benign,benign
ISIC_0034544.jpg,benign,benign
ISIC_0034548.jpg,malignant,malignant
ISIC_0034551.jpg,malignant,benign
ISIC_0034552.jpg,malignant,benign
ISIC_0034553.jpg,malignant,benign
ISIC_0034556.jpg,malignant,benign
ISIC_0034557.jpg,benign,benign
ISIC_0034558.jpg,benign,benign
ISIC_0034559.jpg,malignant,benign
ISIC_0034560.jpg,malignant,benign
ISIC_0034562.jpg,malignant,benign
ISIC_0034563.jpg,malignant,benign
ISIC_0034564.jpg,malignant,benign
ISIC_0034566.jpg,benign,benign
ISIC_0034567.jpg,malignant,benign
ISIC_0034568.jpg,malignant,benign
ISIC_0034569.jpg,benign,benign
ISIC_0034572.jpg,malignant,malignant
ISIC_0034573.jpg,malignant,malignant
ISIC_0034576.jpg,benign,benign
ISIC_0034577.jpg,benign,benign
ISIC_0034580.jpg,benign,benign
ISIC_0034581.jpg,benign,benign
ISIC_0034582.jpg,malignant,benign
ISIC_0034583.jpg,benign,benign
ISIC_0034584.jpg,malignant,malignant
ISIC_0034586.jpg,benign,benign
ISIC_0034587.jpg,malignant,benign
ISIC_0034589.jpg,benign,benign
ISIC_0034590.jpg,benign,benign
ISIC_0034592.jpg,malignant,benign
ISIC_0034593.jpg,malignant,benign
ISIC_0034594.jpg,malignant,benign
ISIC_0034595.jpg,malignant,malignant
ISIC_0034599.jpg,benign,benign
ISIC_0034600.jpg,malignant,benign
ISIC_0034601.jpg,malignant,benign
ISIC_0034602.jpg,malignant,benign
ISIC_0034603.jpg,benign,benign
ISIC_0034604.jpg,malignant,benign
ISIC_0034605.jpg,malignant,malignant
ISIC_0034607.jpg,benign,benign
ISIC_0034609.jpg,malignant,benign
ISIC_0034610.jpg,malignant,benign
ISIC_0034611.jpg,malignant,benign
ISIC_0034613.jpg,benign,benign
ISIC_0034616.jpg,malignant,benign
ISIC_0034617.jpg,malignant,benign
ISIC_0034619.jpg,malignant,benign
ISIC_0034620.jpg,malignant,benign
ISIC_0034621.jpg,benign,benign
ISIC_0034623.jpg,benign,benign
ISIC_0034624.jpg,benign,benign
ISIC_0034625.jpg,malignant,benign
ISIC_0034626.jpg,malignant,benign
ISIC_0034627.jpg,malignant,benign
ISIC_0034628.jpg,malignant,malignant
ISIC_0034629.jpg,benign,benign
ISIC_0034630.jpg,malignant,malignant
ISIC_0034632.jpg,malignant,benign
ISIC_0034633.jpg,malignant,malignant
ISIC_0034634.jpg,malignant,benign
ISIC_0034635.jpg,malignant,benign
ISIC_0034636.jpg,malignant,benign
ISIC_0034637.jpg,benign,benign
ISIC_0034638.jpg,malignant,malignant
ISIC_0034639.jpg,malignant,benign
ISIC_0034640.jpg,malignant,benign
ISIC_0034641.jpg,benign,benign
ISIC_0034643.jpg,benign,benign
ISIC_0034644.jpg,malignant,malignant
ISIC_0034645.jpg,malignant,benign
ISIC_0034648.jpg,benign,benign
ISIC_0034649.jpg,malignant,benign
ISIC_0034650.jpg,malignant,malignant
ISIC_0034653.jpg,malignant,benign
ISIC_0034654.jpg,malignant,benign
ISIC_0034655.jpg,malignant,malignant
ISIC_0034657.jpg,benign,malignant
ISIC_0034658.jpg,malignant,benign
ISIC_0034659.jpg,benign,benign
ISIC_0034660.jpg,malignant,benign
ISIC_0034661.jpg,benign,benign
ISIC_0034662.jpg,malignant,benign
ISIC_0034664.jpg,malignant,benign
ISIC_0034665.jpg,malignant,benign
ISIC_0034667.jpg,malignant,benign
ISIC_0034668.jpg,benign,benign
ISIC_0034670.jpg,malignant,benign
ISIC_0034671.jpg,benign,benign
ISIC_0034672.jpg,benign,benign
ISIC_0034674.jpg,malignant,benign
ISIC_0034676.jpg,malignant,benign
ISIC_0034677.jpg,malignant,benign
ISIC_0034678.jpg,malignant,benign
ISIC_0034680.jpg,malignant,benign
ISIC_0034681.jpg,benign,benign
ISIC_0034683.jpg,malignant,benign
ISIC_0034687.jpg,malignant,malignant
ISIC_0034688.jpg,benign,benign
ISIC_0034689.jpg,malignant,benign
ISIC_0034690.jpg,benign,benign
ISIC_0034696.jpg,malignant,benign
ISIC_0034697.jpg,malignant,benign
ISIC_0034698.jpg,malignant,benign
ISIC_0034700.jpg,malignant,benign
ISIC_0034701.jpg,benign,benign
ISIC_0034702.jpg,malignant,benign
ISIC_0034703.jpg,malignant,benign
ISIC_0034704.jpg,malignant,benign
ISIC_0034705.jpg,benign,benign
ISIC_0034707.jpg,benign,benign
ISIC_0034708.jpg,malignant,benign
ISIC_0034709.jpg,malignant,benign
ISIC_0034713.jpg,malignant,malignant
ISIC_0034714.jpg,malignant,malignant
ISIC_0034715.jpg,benign,benign
ISIC_0034716.jpg,benign,benign
ISIC_0034717.jpg,benign,benign
ISIC_0034718.jpg,benign,benign
ISIC_0034721.jpg,malignant,benign
ISIC_0034722.jpg,malignant,benign
ISIC_0034725.jpg,benign,benign
ISIC_0034726.jpg,malignant,benign
ISIC_0034727.jpg,malignant,benign
ISIC_0034728.jpg,malignant,benign
ISIC_0034729.jpg,malignant,benign
ISIC_0034730.jpg,malignant,benign
ISIC_0034731.jpg,malignant,benign
ISIC_0034732.jpg,benign,benign
ISIC_0034735.jpg,benign,benign
ISIC_0034736.jpg,benign,benign
ISIC_0034737.jpg,malignant,malignant
ISIC_0034738.jpg,benign,benign
ISIC_0034740.jpg,benign,benign
ISIC_0034741.jpg,benign,benign
ISIC_0034742.jpg,benign,benign
ISIC_0034743.jpg,benign,benign
ISIC_0034744.jpg,benign,benign
ISIC_0034745.jpg,malignant,benign
ISIC_0034747.jpg,malignant,benign
ISIC_0034749.jpg,benign,benign
ISIC_0034752.jpg,malignant,benign
ISIC_0034754.jpg,benign,benign
ISIC_0034756.jpg,benign,benign
ISIC_0034757.jpg,benign,benign
ISIC_0034761.jpg,malignant,benign
ISIC_0034762.jpg,benign,benign
ISIC_0034763.jpg,malignant,benign
ISIC_0034764.jpg,malignant,malignant
ISIC_0034765.jpg,malignant,benign
ISIC_0034767.jpg,malignant,benign
ISIC_0034768.jpg,malignant,benign
ISIC_0034769.jpg,malignant,benign
ISIC_0034771.jpg,malignant,malignant
ISIC_0034772.jpg,benign,benign
ISIC_0034773.jpg,benign,benign
ISIC_0034774.jpg,benign,benign
ISIC_0034776.jpg,malignant,benign
ISIC_0034777.jpg,benign,benign
ISIC_0034778.jpg,malignant,benign
ISIC_0034779.jpg,malignant,benign
ISIC_0034780.jpg,malignant,benign
ISIC_0034781.jpg,benign,benign
ISIC_0034783.jpg,benign,benign
ISIC_0034784.jpg,malignant,malignant
ISIC_0034786.jpg,benign,benign
ISIC_0034787.jpg,malignant,benign
ISIC_0034788.jpg,malignant,benign
ISIC_0034789.jpg,malignant,benign
ISIC_0034790.jpg,malignant,benign
ISIC_0034791.jpg,malignant,benign
ISIC_0034792.jpg,malignant,benign
ISIC_0034793.jpg,benign,benign
ISIC_0034795.jpg,malignant,benign
ISIC_0034797.jpg,malignant,benign
ISIC_0034798.jpg,benign,benign
ISIC_0034800.jpg,malignant,benign
ISIC_0034801.jpg,malignant,benign
ISIC_0034803.jpg,malignant,benign
ISIC_0034804.jpg,malignant,malignant
ISIC_0034806.jpg,malignant,benign
ISIC_0034807.jpg,benign,benign
ISIC_0034808.jpg,malignant,benign
ISIC_0034809.jpg,malignant,benign
ISIC_0034810.jpg,malignant,benign
ISIC_0034811.jpg,malignant,benign
ISIC_0034813.jpg,malignant,benign
ISIC_0034815.jpg,malignant,benign
ISIC_0034816.jpg,benign,benign
ISIC_0034817.jpg,malignant,malignant
ISIC_0034818.jpg,benign,benign
ISIC_0034819.jpg,malignant,malignant
ISIC_0034821.jpg,benign,benign
ISIC_0034823.jpg,benign,benign
ISIC_0034824.jpg,malignant,benign
ISIC_0034827.jpg,benign,benign
ISIC_0034828.jpg,malignant,benign
ISIC_0034829.jpg,benign,benign
ISIC_0034830.jpg,benign,benign
ISIC_0034831.jpg,malignant,benign
ISIC_0034832.jpg,benign,benign
ISIC_0034834.jpg,malignant,benign
ISIC_0034835.jpg,benign,benign
ISIC_0034836.jpg,malignant,benign
ISIC_0034837.jpg,benign,benign
ISIC_0034838.jpg,malignant,benign
ISIC_0034839.jpg,benign,benign
ISIC_0034841.jpg,malignant,benign
ISIC_0034843.jpg,malignant,benign
ISIC_0034844.jpg,malignant,benign
ISIC_0034845.jpg,malignant,benign
ISIC_0034846.jpg,malignant,benign
ISIC_0034847.jpg,malignant,benign
ISIC_0034848.jpg,malignant,benign
ISIC_0034851.jpg,malignant,benign
ISIC_0034852.jpg,benign,benign
ISIC_0034853.jpg,malignant,benign
ISIC_0034854.jpg,benign,benign
ISIC_0034855.jpg,malignant,benign
ISIC_0034856.jpg,benign,benign
ISIC_0034857.jpg,malignant,benign
ISIC_0034859.jpg,malignant,malignant
ISIC_0034860.jpg,malignant,benign
ISIC_0034861.jpg,benign,benign
ISIC_0034862.jpg,malignant,benign
ISIC_0034863.jpg,malignant,malignant
ISIC_0034864.jpg,malignant,benign
ISIC_0034865.jpg,malignant,benign
ISIC_0034866.jpg,malignant,benign
ISIC_0034867.jpg,malignant,benign
ISIC_0034868.jpg,malignant,benign
ISIC_0034869.jpg,malignant,benign
ISIC_0034871.jpg,malignant,malignant
ISIC_0034872.jpg,benign,benign
ISIC_0034873.jpg,malignant,malignant
ISIC_0034874.jpg,malignant,malignant
ISIC_0034875.jpg,malignant,malignant
ISIC_0034877.jpg,malignant,benign
ISIC_0034878.jpg,malignant,benign
ISIC_0034880.jpg,malignant,benign
ISIC_0034881.jpg,malignant,benign
ISIC_0034882.jpg,malignant,malignant
ISIC_0034883.jpg,malignant,benign
ISIC_0034884.jpg,benign,benign
ISIC_0034885.jpg,benign,benign
ISIC_0034886.jpg,malignant,benign
ISIC_0034889.jpg,malignant,benign
ISIC_0034890.jpg,malignant,benign
ISIC_0034892.jpg,benign,benign
ISIC_0034893.jpg,malignant,benign
ISIC_0034894.jpg,malignant,benign
ISIC_0034895.jpg,malignant,malignant
ISIC_0034897.jpg,malignant,benign
ISIC_0034900.jpg,malignant,benign
ISIC_0034901.jpg,benign,benign
ISIC_0034902.jpg,benign,benign
ISIC_0034903.jpg,malignant,benign
ISIC_0034904.jpg,malignant,malignant
ISIC_0034907.jpg,malignant,benign
ISIC_0034908.jpg,malignant,benign
ISIC_0034909.jpg,malignant,benign
ISIC_0034912.jpg,malignant,benign
ISIC_0034913.jpg,malignant,benign
ISIC_0034916.jpg,malignant,benign
ISIC_0034917.jpg,malignant,benign
ISIC_0034918.jpg,benign,malignant
ISIC_0034919.jpg,malignant,benign
ISIC_0034920.jpg,malignant,benign
ISIC_0034921.jpg,malignant,benign
ISIC_0034922.jpg,benign,benign
ISIC_0034923.jpg,malignant,benign
ISIC_0034924.jpg,malignant,benign
ISIC_0034925.jpg,malignant,benign
ISIC_0034926.jpg,malignant,malignant
ISIC_0034927.jpg,malignant,benign
ISIC_0034928.jpg,malignant,benign
ISIC_0034932.jpg,malignant,benign
ISIC_0034933.jpg,benign,benign
ISIC_0034934.jpg,benign,malignant
ISIC_0034935.jpg,benign,benign
ISIC_0034938.jpg,malignant,benign
ISIC_0034940.jpg,malignant,benign
ISIC_0034941.jpg,malignant,benign
ISIC_0034942.jpg,malignant,benign
ISIC_0034943.jpg,benign,benign
ISIC_0034944.jpg,malignant,benign
ISIC_0034945.jpg,malignant,benign
ISIC_0034947.jpg,benign,benign
ISIC_0034949.jpg,malignant,malignant
ISIC_0034950.jpg,malignant,benign
ISIC_0034955.jpg,malignant,benign
ISIC_0034956.jpg,malignant,benign
ISIC_0034957.jpg,malignant,malignant
ISIC_0034958.jpg,malignant,malignant
ISIC_0034959.jpg,malignant,malignant
ISIC_0034962.jpg,malignant,benign
ISIC_0034964.jpg,malignant,benign
ISIC_0034965.jpg,malignant,benign
ISIC_0034967.jpg,malignant,benign
ISIC_0034968.jpg,malignant,benign
ISIC_0034971.jpg,malignant,malignant
ISIC_0034973.jpg,malignant,benign
ISIC_0034974.jpg,benign,benign
ISIC_0034975.jpg,benign,benign
ISIC_0034976.jpg,benign,benign
ISIC_0034977.jpg,malignant,benign
ISIC_0034978.jpg,benign,benign
ISIC_0034979.jpg,malignant,benign
ISIC_0034983.jpg,malignant,benign
ISIC_0034984.jpg,malignant,benign
ISIC_0034985.jpg,benign,benign
ISIC_0034986.jpg,malignant,benign
ISIC_0034988.jpg,malignant,malignant
ISIC_0034989.jpg,malignant,benign
ISIC_0034990.jpg,malignant,benign
ISIC_0034991.jpg,malignant,benign
ISIC_0034992.jpg,malignant,benign
ISIC_0034996.jpg,benign,benign
ISIC_0034998.jpg,malignant,malignant
ISIC_0035000.jpg,malignant,malignant
ISIC_0035002.jpg,benign,benign
ISIC_0035003.jpg,malignant,benign
ISIC_0035005.jpg,benign,benign
ISIC_0035006.jpg,malignant,benign
ISIC_0035007.jpg,malignant,benign
ISIC_0035009.jpg,malignant,benign
ISIC_0035011.jpg,malignant,benign
ISIC_0035013.jpg,malignant,benign
ISIC_0035014.jpg,malignant,benign
ISIC_0035015.jpg,malignant,benign
ISIC_0035016.jpg,malignant,benign
ISIC_0035017.jpg,benign,benign
ISIC_0035019.jpg,malignant,benign
ISIC_0035020.jpg,malignant,benign
ISIC_0035021.jpg,malignant,malignant
ISIC_0035022.jpg,benign,benign
ISIC_0035023.jpg,malignant,benign
ISIC_0035024.jpg,malignant,benign
ISIC_0035025.jpg,malignant,benign
ISIC_0035027.jpg,benign,benign
ISIC_0035030.jpg,malignant,benign
ISIC_0035031.jpg,malignant,benign
ISIC_0035034.jpg,malignant,benign
ISIC_0035036.jpg,malignant,benign
ISIC_0035038.jpg,benign,benign
ISIC_0035044.jpg,malignant,benign
ISIC_0035045.jpg,malignant,benign
ISIC_0035046.jpg,benign,benign
ISIC_0035047.jpg,malignant,malignant
ISIC_0035048.jpg,benign,malignant
ISIC_0035049.jpg,malignant,benign
ISIC_0035050.jpg,malignant,benign
ISIC_0035051.jpg,malignant,benign
ISIC_0035052.jpg,malignant,benign
ISIC_0035053.jpg,benign,benign
ISIC_0035055.jpg,malignant,benign
ISIC_0035056.jpg,malignant,benign
ISIC_0035058.jpg,malignant,benign
ISIC_0035059.jpg,malignant,benign
ISIC_0035060.jpg,malignant,benign
ISIC_0035061.jpg,malignant,benign
ISIC_0035062.jpg,benign,benign
ISIC_0035063.jpg,benign,benign
ISIC_0035065.jpg,benign,benign
ISIC_0035066.jpg,benign,benign
ISIC_0035067.jpg,malignant,benign
ISIC_0035068.jpg,benign,benign
ISIC_0035070.jpg,malignant,malignant
ISIC_0035071.jpg,malignant,benign
ISIC_0035073.jpg,malignant,benign
ISIC_0035074.jpg,benign,benign
ISIC_0035077.jpg,benign,benign
ISIC_0035079.jpg,benign,benign
ISIC_0035080.jpg,malignant,benign
ISIC_0035081.jpg,malignant,malignant
ISIC_0035082.jpg,benign,benign
ISIC_0035083.jpg,malignant,benign
ISIC_0035084.jpg,malignant,benign
ISIC_0035085.jpg,malignant,benign
ISIC_0035086.jpg,benign,benign
ISIC_0035087.jpg,benign,benign
ISIC_0035088.jpg,malignant,benign
ISIC_0035089.jpg,malignant,malignant
ISIC_0035090.jpg,malignant,malignant
ISIC_0035091.jpg,benign,benign
ISIC_0035092.jpg,benign,benign
ISIC_0035093.jpg,malignant,benign
ISIC_0035094.jpg,benign,benign
ISIC_0035096.jpg,benign,benign
ISIC_0035097.jpg,benign,benign
ISIC_0035098.jpg,malignant,benign
ISIC_0035099.jpg,malignant,malignant
ISIC_0035100.jpg,malignant,benign
ISIC_0035101.jpg,malignant,benign
ISIC_0035102.jpg,malignant,benign
ISIC_0035103.jpg,malignant,benign
ISIC_0035105.jpg,benign,benign
ISIC_0035107.jpg,benign,benign
ISIC_0035108.jpg,malignant,benign
ISIC_0035111.jpg,malignant,benign
ISIC_0035113.jpg,benign,benign
ISIC_0035114.jpg,malignant,benign
ISIC_0035116.jpg,benign,benign
ISIC_0035118.jpg,malignant,benign
ISIC_0035121.jpg,malignant,benign
ISIC_0035122.jpg,malignant,benign
ISIC_0035123.jpg,malignant,benign
ISIC_0035124.jpg,malignant,malignant
ISIC_0035126.jpg,malignant,benign
ISIC_0035129.jpg,malignant,benign
ISIC_0035130.jpg,malignant,malignant
ISIC_0035132.jpg,benign,benign
ISIC_0035133.jpg,benign,benign
ISIC_0035134.jpg,malignant,benign
ISIC_0035135.jpg,benign,benign
ISIC_0035137.jpg,malignant,benign
ISIC_0035138.jpg,benign,benign
ISIC_0035139.jpg,malignant,malignant
ISIC_0035140.jpg,malignant,benign
ISIC_0035143.jpg,malignant,benign
ISIC_0035144.jpg,benign,benign
ISIC_0035145.jpg,benign,benign
ISIC_0035146.jpg,malignant,benign
ISIC_0035148.jpg,malignant,benign
ISIC_0035150.jpg,benign,benign
ISIC_0035152.jpg,malignant,benign
ISIC_0035153.jpg,malignant,benign
ISIC_0035156.jpg,benign,benign
ISIC_0035157.jpg,malignant,benign
ISIC_0035158.jpg,benign,benign
ISIC_0035160.jpg,malignant,benign
ISIC_0035161.jpg,malignant,benign
ISIC_0035162.jpg,malignant,benign
ISIC_0035164.jpg,malignant,benign
ISIC_0035165.jpg,malignant,benign
ISIC_0035166.jpg,benign,benign
ISIC_0035167.jpg,malignant,benign
ISIC_0035169.jpg,malignant,benign
ISIC_0035170.jpg,malignant,benign
ISIC_0035172.jpg,benign,benign
ISIC_0035173.jpg,benign,benign
ISIC_0035175.jpg,benign,benign
ISIC_0035176.jpg,benign,benign
ISIC_0035177.jpg,malignant,malignant
ISIC_0035178.jpg,malignant,benign
ISIC_0035181.jpg,benign,benign
ISIC_0035182.jpg,benign,benign
ISIC_0035184.jpg,malignant,benign
ISIC_0035186.jpg,benign,benign
ISIC_0035187.jpg,malignant,benign
ISIC_0035188.jpg,malignant,benign
ISIC_0035189.jpg,benign,benign
ISIC_0035191.jpg,malignant,benign
ISIC_0035192.jpg,benign,benign
ISIC_0035193.jpg,malignant,benign
ISIC_0035195.jpg,malignant,benign
ISIC_0035196.jpg,malignant,malignant
ISIC_0035197.jpg,malignant,benign
ISIC_0035198.jpg,malignant,benign
ISIC_0035199.jpg,benign,benign
ISIC_0035200.jpg,malignant,benign
ISIC_0035201.jpg,benign,benign
ISIC_0035204.jpg,malignant,benign
ISIC_0035205.jpg,malignant,benign
ISIC_0035207.jpg,malignant,malignant
ISIC_0035208.jpg,malignant,benign
ISIC_0035209.jpg,benign,benign
ISIC_0035211.jpg,malignant,benign
ISIC_0035213.jpg,benign,benign
ISIC_0035214.jpg,malignant,benign
ISIC_0035215.jpg,benign,benign
ISIC_0035216.jpg,malignant,malignant
ISIC_0035217.jpg,benign,benign
ISIC_0035219.jpg,malignant,benign
ISIC_0035220.jpg,benign,benign
ISIC_0035221.jpg,malignant,benign
ISIC_0035222.jpg,malignant,benign
ISIC_0035223.jpg,malignant,benign
ISIC_0035224.jpg,benign,malignant
ISIC_0035225.jpg,benign,benign
ISIC_0035227.jpg,benign,benign
ISIC_0035228.jpg,malignant,benign
ISIC_0035229.jpg,malignant,malignant
ISIC_0035230.jpg,malignant,benign
ISIC_0035231.jpg,benign,benign
ISIC_0035232.jpg,malignant,malignant
ISIC_0035233.jpg,malignant,benign
ISIC_0035234.jpg,benign,benign
ISIC_0035235.jpg,malignant,benign
ISIC_0035236.jpg,benign,benign
ISIC_0035237.jpg,benign,benign
ISIC_0035238.jpg,malignant,benign
ISIC_0035240.jpg,malignant,malignant
ISIC_0035241.jpg,malignant,benign
ISIC_0035242.jpg,malignant,benign
ISIC_0035244.jpg,malignant,benign
ISIC_0035245.jpg,benign,benign
ISIC_0035246.jpg,malignant,benign
ISIC_0035248.jpg,benign,malignant
ISIC_0035250.jpg,benign,benign
ISIC_0035253.jpg,malignant,benign
ISIC_0035255.jpg,malignant,benign
ISIC_0035256.jpg,malignant,benign
ISIC_0035257.jpg,benign,benign
ISIC_0035260.jpg,malignant,benign
ISIC_0035263.jpg,malignant,malignant
ISIC_0035265.jpg,malignant,benign
ISIC_0035266.jpg,benign,benign
ISIC_0035267.jpg,malignant,benign
ISIC_0035268.jpg,malignant,benign
ISIC_0035271.jpg,malignant,malignant
ISIC_0035272.jpg,benign,benign
ISIC_0035273.jpg,benign,benign
ISIC_0035274.jpg,malignant,benign
ISIC_0035275.jpg,malignant,benign
ISIC_0035278.jpg,malignant,benign
ISIC_0035280.jpg,malignant,malignant
ISIC_0035281.jpg,malignant,benign
ISIC_0035282.jpg,malignant,benign
ISIC_0035283.jpg,malignant,benign
ISIC_0035285.jpg,malignant,benign
ISIC_0035286.jpg,malignant,benign
ISIC_0035288.jpg,malignant,benign
ISIC_0035289.jpg,benign,benign
ISIC_0035290.jpg,malignant,benign
ISIC_0035292.jpg,malignant,benign
ISIC_0035294.jpg,malignant,benign
ISIC_0035295.jpg,malignant,benign
ISIC_0035296.jpg,benign,benign
ISIC_0035297.jpg,malignant,benign
ISIC_0035298.jpg,malignant,benign
ISIC_0035299.jpg,benign,benign
ISIC_0035300.jpg,malignant,benign
ISIC_0035301.jpg,malignant,benign
ISIC_0035302.jpg,malignant,benign
ISIC_0035303.jpg,benign,benign
ISIC_0035304.jpg,malignant,benign
ISIC_0035306.jpg,malignant,malignant
ISIC_0035307.jpg,malignant,benign
ISIC_0035309.jpg,malignant,benign
ISIC_0035311.jpg,benign,benign
ISIC_0035312.jpg,malignant,benign
ISIC_0035313.jpg,malignant,malignant
ISIC_0035314.jpg,malignant,benign
ISIC_0035315.jpg,malignant,benign
ISIC_0035319.jpg,malignant,benign
ISIC_0035320.jpg,benign,benign
ISIC_0035323.jpg,malignant,benign
ISIC_0035324.jpg,malignant,benign
ISIC_0035325.jpg,malignant,benign
ISIC_0035326.jpg,malignant,malignant
ISIC_0035327.jpg,malignant,benign
ISIC_0035328.jpg,benign,benign
ISIC_0035329.jpg,benign,benign
ISIC_0035333.jpg,malignant,benign
ISIC_0035335.jpg,malignant,benign
ISIC_0035336.jpg,malignant,benign
ISIC_0035337.jpg,malignant,benign
ISIC_0035339.jpg,benign,benign
ISIC_0035341.jpg,malignant,benign
ISIC_0035342.jpg,malignant,benign
ISIC_0035343.jpg,benign,benign
ISIC_0035344.jpg,malignant,benign
ISIC_0035345.jpg,benign,malignant
ISIC_0035346.jpg,malignant,benign
ISIC_0035347.jpg,malignant,benign
ISIC_0035349.jpg,benign,benign
ISIC_0035350.jpg,malignant,benign
ISIC_0035351.jpg,malignant,malignant
ISIC_0035352.jpg,malignant,benign
ISIC_0035353.jpg,malignant,benign
ISIC_0035354.jpg,malignant,benign
ISIC_0035356.jpg,benign,benign
ISIC_0035358.jpg,benign,benign
ISIC_0035359.jpg,malignant,benign
ISIC_0035361.jpg,benign,benign
ISIC_0035362.jpg,malignant,malignant
ISIC_0035363.jpg,malignant,benign
ISIC_0035365.jpg,malignant,benign
ISIC_0035366.jpg,malignant,malignant
ISIC_0035367.jpg,malignant,benign
ISIC_0035369.jpg,benign,benign
ISIC_0035370.jpg,benign,benign
ISIC_0035373.jpg,benign,benign
ISIC_0035375.jpg,malignant,benign
ISIC_0035377.jpg,malignant,benign
ISIC_0035378.jpg,benign,benign
ISIC_0035379.jpg,malignant,benign
ISIC_0035380.jpg,benign,benign
ISIC_0035381.jpg,benign,benign
ISIC_0035382.jpg,malignant,benign
ISIC_0035383.jpg,malignant,benign
ISIC_0035384.jpg,malignant,benign
ISIC_0035385.jpg,malignant,benign
ISIC_0035386.jpg,malignant,benign
ISIC_0035387.jpg,benign,benign
ISIC_0035390.jpg,benign,benign
ISIC_0035392.jpg,malignant,benign
ISIC_0035393.jpg,malignant,malignant
ISIC_0035394.jpg,malignant,benign
ISIC_0035395.jpg,malignant,benign
ISIC_0035396.jpg,benign,benign
ISIC_0035397.jpg,malignant,malignant
ISIC_0035398.jpg,malignant,benign
ISIC_0035399.jpg,benign,benign
ISIC_0035400.jpg,benign,benign
ISIC_0035401.jpg,benign,benign
ISIC_0035402.jpg,benign,benign
ISIC_0035404.jpg,benign,benign
ISIC_0035405.jpg,benign,benign
ISIC_0035406.jpg,benign,malignant
ISIC_0035407.jpg,benign,benign
ISIC_0035408.jpg,malignant,benign
ISIC_0035409.jpg,malignant,benign
ISIC_0035410.jpg,malignant,benign
ISIC_0035411.jpg,malignant,benign
ISIC_0035412.jpg,benign,benign
ISIC_0035413.jpg,malignant,benign
ISIC_0035414.jpg,malignant,malignant
ISIC_0035417.jpg,benign,benign
ISIC_0035418.jpg,malignant,benign
ISIC_0035419.jpg,benign,benign
ISIC_0035420.jpg,benign,malignant
ISIC_0035422.jpg,malignant,benign
ISIC_0035423.jpg,malignant,benign
ISIC_0035425.jpg,malignant,benign
ISIC_0035427.jpg,benign,benign
ISIC_0035428.jpg,malignant,benign
ISIC_0035429.jpg,malignant,benign
ISIC_0035430.jpg,malignant,malignant
ISIC_0035431.jpg,benign,benign
ISIC_0035433.jpg,malignant,benign
ISIC_0035434.jpg,malignant,malignant
ISIC_0035435.jpg,malignant,benign
ISIC_0035437.jpg,benign,benign
ISIC_0035438.jpg,benign,benign
ISIC_0035441.jpg,malignant,benign
ISIC_0035442.jpg,malignant,benign
ISIC_0035444.jpg,malignant,benign
ISIC_0035445.jpg,malignant,benign
ISIC_0035447.jpg,benign,benign
ISIC_0035448.jpg,malignant,benign
ISIC_0035449.jpg,malignant,benign
ISIC_0035452.jpg,benign,benign
ISIC_0035453.jpg,benign,benign
ISIC_0035455.jpg,benign,benign
ISIC_0035456.jpg,benign,benign
ISIC_0035457.jpg,malignant,benign
ISIC_0035458.jpg,benign,benign
ISIC_0035459.jpg,benign,malignant
ISIC_0035460.jpg,malignant,malignant
ISIC_0035461.jpg,malignant,benign
ISIC_0035462.jpg,malignant,malignant
ISIC_0035465.jpg,malignant,benign
ISIC_0035467.jpg,benign,benign
ISIC_0035469.jpg,malignant,benign
ISIC_0035470.jpg,malignant,benign
ISIC_0035473.jpg,benign,benign
ISIC_0035474.jpg,benign,benign
ISIC_0035476.jpg,malignant,benign
ISIC_0035477.jpg,benign,benign
ISIC_0035478.jpg,malignant,malignant
ISIC_0035479.jpg,benign,benign
ISIC_0035480.jpg,malignant,benign
ISIC_0035481.jpg,benign,benign
ISIC_0035482.jpg,malignant,benign
ISIC_0035483.jpg,malignant,benign
ISIC_0035484.jpg,malignant,benign
ISIC_0035485.jpg,benign,benign
ISIC_0035486.jpg,malignant,malignant
ISIC_0035488.jpg,malignant,benign
ISIC_0035489.jpg,benign,benign
ISIC_0035491.jpg,benign,benign
ISIC_0035492.jpg,malignant,benign
ISIC_0035493.jpg,benign,benign
ISIC_0035494.jpg,benign,benign
ISIC_0035495.jpg,malignant,benign
ISIC_0035496.jpg,benign,benign
ISIC_0035497.jpg,malignant,benign
ISIC_0035498.jpg,benign,benign
ISIC_0035499.jpg,benign,benign
ISIC_0035500.jpg,benign,benign
ISIC_0035501.jpg,benign,benign
ISIC_0035503.jpg,malignant,benign
ISIC_0035505.jpg,malignant,malignant
ISIC_0035506.jpg,malignant,benign
ISIC_0035507.jpg,malignant,benign
ISIC_0035508.jpg,benign,benign
ISIC_0035509.jpg,malignant,benign
ISIC_0035510.jpg,malignant,malignant
ISIC_0035512.jpg,benign,benign
ISIC_0035513.jpg,benign,benign
ISIC_0035515.jpg,benign,benign
ISIC_0035516.jpg,malignant,benign
ISIC_0035518.jpg,benign,benign
ISIC_0035519.jpg,malignant,benign
ISIC_0035520.jpg,benign,benign
ISIC_0035521.jpg,malignant,benign
ISIC_0035522.jpg,malignant,malignant
ISIC_0035523.jpg,malignant,benign
ISIC_0035524.jpg,malignant,benign
ISIC_0035525.jpg,malignant,malignant
ISIC_0035526.jpg,malignant,benign
ISIC_0035527.jpg,benign,benign
ISIC_0035528.jpg,benign,benign
ISIC_0035529.jpg,malignant,benign
ISIC_0035530.jpg,malignant,benign
ISIC_0035531.jpg,malignant,benign
ISIC_0035532.jpg,malignant,benign
ISIC_0035534.jpg,malignant,benign
ISIC_0035535.jpg,benign,benign
ISIC_0035536.jpg,malignant,benign
ISIC_0035537.jpg,malignant,benign
ISIC_0035539.jpg,malignant,benign
ISIC_0035540.jpg,benign,benign
ISIC_0035541.jpg,benign,benign
ISIC_0035542.jpg,malignant,benign
ISIC_0035543.jpg,benign,benign
ISIC_0035544.jpg,malignant,benign
ISIC_0035545.jpg,benign,benign
ISIC_0035546.jpg,malignant,benign
ISIC_0035548.jpg,malignant,benign
ISIC_0035550.jpg,benign,malignant
ISIC_0035551.jpg,benign,benign
ISIC_0035554.jpg,benign,benign
ISIC_0035555.jpg,malignant,benign
ISIC_0035557.jpg,malignant,benign
ISIC_0035558.jpg,malignant,malignant
ISIC_0035559.jpg,benign,benign
ISIC_0035560.jpg,benign,benign
ISIC_0035561.jpg,malignant,malignant
ISIC_0035562.jpg,malignant,malignant
ISIC_0035563.jpg,malignant,benign
ISIC_0035565.jpg,malignant,benign
ISIC_0035566.jpg,malignant,benign
ISIC_0035567.jpg,benign,benign
ISIC_0035568.jpg,malignant,benign
ISIC_0035569.jpg,malignant,benign
ISIC_0035571.jpg,benign,benign
ISIC_0035572.jpg,benign,benign
ISIC_0035573.jpg,benign,benign
ISIC_0035574.jpg,benign,benign
ISIC_0035575.jpg,malignant,benign
ISIC_0035576.jpg,benign,benign
ISIC_0035577.jpg,malignant,benign
ISIC_0035578.jpg,benign,benign
ISIC_0035579.jpg,benign,benign
ISIC_0035580.jpg,benign,benign
ISIC_0035581.jpg,malignant,benign
ISIC_0035582.jpg,malignant,benign
ISIC_0035583.jpg,malignant,benign
ISIC_0035587.jpg,benign,benign
ISIC_0035591.jpg,benign,benign
ISIC_0035592.jpg,benign,benign
ISIC_0035596.jpg,benign,benign
ISIC_0035597.jpg,benign,benign
ISIC_0035598.jpg,malignant,benign
ISIC_0035600.jpg,malignant,benign
ISIC_0035601.jpg,malignant,benign
ISIC_0035602.jpg,malignant,malignant
ISIC_0035604.jpg,malignant,benign
ISIC_0035605.jpg,malignant,malignant
ISIC_0035606.jpg,malignant,malignant
ISIC_0035609.jpg,malignant,benign
ISIC_0035610.jpg,malignant,malignant
ISIC_0035611.jpg,benign,benign
ISIC_0035614.jpg,benign,benign
ISIC_0035615.jpg,benign,benign
ISIC_0035616.jpg,malignant,benign
ISIC_0035617.jpg,benign,benign
ISIC_0035618.jpg,benign,benign
ISIC_0035621.jpg,malignant,benign
ISIC_0035623.jpg,malignant,benign
ISIC_0035628.jpg,benign,benign
ISIC_0035629.jpg,malignant,malignant
ISIC_0035632.jpg,malignant,benign
ISIC_0035636.jpg,malignant,malignant
ISIC_0035637.jpg,malignant,malignant
ISIC_0035638.jpg,benign,benign
ISIC_0035639.jpg,malignant,benign
ISIC_0035640.jpg,malignant,malignant
ISIC_0035641.jpg,benign,benign
ISIC_0035644.jpg,malignant,benign
ISIC_0035646.jpg,malignant,benign
ISIC_0035647.jpg,malignant,benign
ISIC_0035648.jpg,malignant,benign
ISIC_0035649.jpg,malignant,benign
ISIC_0035651.jpg,malignant,malignant
ISIC_0035652.jpg,malignant,benign
ISIC_0035653.jpg,malignant,malignant
ISIC_0035654.jpg,malignant,benign
ISIC_0035656.jpg,malignant,benign
ISIC_0035657.jpg,malignant,benign
ISIC_0035659.jpg,malignant,benign
ISIC_0035662.jpg,malignant,benign
ISIC_0035663.jpg,malignant,malignant
ISIC_0035665.jpg,benign,benign
ISIC_0035666.jpg,malignant,benign
ISIC_0035668.jpg,malignant,benign
ISIC_0035670.jpg,malignant,malignant
ISIC_0035671.jpg,benign,benign
ISIC_0035672.jpg,malignant,benign
ISIC_0035673.jpg,malignant,benign
ISIC_0035674.jpg,malignant,benign
ISIC_0035678.jpg,benign,benign
ISIC_0035680.jpg,benign,malignant
ISIC_0035681.jpg,benign,benign
ISIC_0035682.jpg,malignant,malignant
ISIC_0035684.jpg,malignant,benign
ISIC_0035686.jpg,benign,benign
ISIC_0035687.jpg,benign,benign
ISIC_0035688.jpg,benign,benign
ISIC_0035689.jpg,benign,benign
ISIC_0035690.jpg,malignant,malignant
ISIC_0035693.jpg,malignant,benign
ISIC_0035696.jpg,malignant,malignant
ISIC_0035697.jpg,malignant,benign
ISIC_0035698.jpg,malignant,malignant
ISIC_0035699.jpg,malignant,benign
ISIC_0035700.jpg,benign,malignant
ISIC_0035702.jpg,benign,benign
ISIC_0035703.jpg,benign,benign
ISIC_0035704.jpg,malignant,benign
ISIC_0035705.jpg,benign,malignant
ISIC_0035706.jpg,benign,benign
ISIC_0035707.jpg,malignant,benign
ISIC_0035708.jpg,malignant,malignant
ISIC_0035709.jpg,malignant,benign
ISIC_0035710.jpg,malignant,benign
ISIC_0035711.jpg,malignant,malignant
ISIC_0035712.jpg,malignant,benign
ISIC_0035713.jpg,malignant,benign
ISIC_0035714.jpg,malignant,malignant
ISIC_0035716.jpg,benign,benign
ISIC_0035717.jpg,malignant,benign
ISIC_0035719.jpg,malignant,malignant
ISIC_0035720.jpg,malignant,malignant
ISIC_0035721.jpg,malignant,malignant
ISIC_0035722.jpg,benign,benign
ISIC_0035725.jpg,benign,benign
ISIC_0035726.jpg,malignant,benign
ISIC_0035727.jpg,malignant,benign
ISIC_0035728.jpg,malignant,benign
ISIC_0035731.jpg,benign,benign
ISIC_0035732.jpg,malignant,malignant
ISIC_0035734.jpg,malignant,benign
ISIC_0035736.jpg,malignant,malignant
ISIC_0035738.jpg,benign,benign
ISIC_0035740.jpg,malignant,benign
ISIC_0035742.jpg,malignant,benign
ISIC_0035743.jpg,malignant,benign
ISIC_0035745.jpg,malignant,benign
ISIC_0035746.jpg,benign,benign
ISIC_0035747.jpg,malignant,malignant
ISIC_0035748.jpg,malignant,malignant
ISIC_0035749.jpg,malignant,benign
ISIC_0035756.jpg,malignant,malignant
ISIC_0035757.jpg,malignant,benign
ISIC_0035758.jpg,benign,benign
ISIC_0035760.jpg,benign,benign
ISIC_0035762.jpg,benign,benign
ISIC_0035764.jpg,malignant,malignant
ISIC_0035766.jpg,malignant,malignant
ISIC_0035767.jpg,malignant,malignant
ISIC_0035769.jpg,malignant,benign
ISIC_0035770.jpg,malignant,benign
ISIC_0035771.jpg,malignant,benign
ISIC_0035773.jpg,malignant,benign
ISIC_0035774.jpg,malignant,benign
ISIC_0035775.jpg,benign,benign
ISIC_0035777.jpg,malignant,benign
ISIC_0035779.jpg,malignant,benign
ISIC_0035780.jpg,benign,benign
ISIC_0035781.jpg,malignant,benign
ISIC_0035782.jpg,benign,benign
ISIC_0035783.jpg,benign,benign
ISIC_0035784.jpg,malignant,benign
ISIC_0035785.jpg,malignant,benign
ISIC_0035786.jpg,benign,benign
ISIC_0035788.jpg,malignant,benign
ISIC_0035789.jpg,malignant,malignant
ISIC_0035791.jpg,malignant,benign
ISIC_0035792.jpg,malignant,benign
ISIC_0035793.jpg,malignant,benign
ISIC_0035794.jpg,malignant,malignant
ISIC_0035795.jpg,malignant,benign
ISIC_0035796.jpg,malignant,benign
ISIC_0035797.jpg,malignant,benign
ISIC_0035798.jpg,malignant,benign
ISIC_0035800.jpg,malignant,benign
ISIC_0035801.jpg,malignant,benign
ISIC_0035803.jpg,malignant,benign
ISIC_0035804.jpg,malignant,benign
ISIC_0035806.jpg,malignant,benign
ISIC_0035808.jpg,malignant,benign
ISIC_0035809.jpg,benign,benign
ISIC_0035811.jpg,benign,benign
ISIC_0035812.jpg,benign,benign
ISIC_0035813.jpg,malignant,benign
ISIC_0035815.jpg,malignant,benign
ISIC_0035816.jpg,malignant,malignant
ISIC_0035817.jpg,malignant,benign
ISIC_0035819.jpg,malignant,malignant
ISIC_0035820.jpg,benign,benign
ISIC_0035822.jpg,malignant,benign
ISIC_0035823.jpg,malignant,malignant
ISIC_0035825.jpg,malignant,malignant
ISIC_0035826.jpg,malignant,malignant
ISIC_0035827.jpg,malignant,malignant
ISIC_0035828.jpg,malignant,benign
ISIC_0035830.jpg,malignant,benign
ISIC_0035832.jpg,malignant,benign
ISIC_0035835.jpg,malignant,benign
ISIC_0035836.jpg,malignant,benign
ISIC_0035837.jpg,malignant,benign
ISIC_0035838.jpg,benign,benign
ISIC_0035839.jpg,malignant,benign
ISIC_0035840.jpg,malignant,benign
ISIC_0035841.jpg,malignant,benign
ISIC_0035843.jpg,benign,benign
ISIC_0035845.jpg,malignant,malignant
ISIC_0035846.jpg,malignant,malignant
ISIC_0035849.jpg,malignant,benign
ISIC_0035850.jpg,benign,benign
ISIC_0035851.jpg,malignant,benign
ISIC_0035853.jpg,malignant,malignant
ISIC_0035854.jpg,malignant,malignant
ISIC_0035856.jpg,benign,benign
ISIC_0035857.jpg,benign,benign
ISIC_0035858.jpg,benign,benign
ISIC_0035859.jpg,malignant,benign
ISIC_0035860.jpg,malignant,benign
ISIC_0035861.jpg,malignant,benign
ISIC_0035862.jpg,malignant,benign
ISIC_0035864.jpg,benign,benign
ISIC_0035867.jpg,benign,benign
ISIC_0035868.jpg,benign,malignant
ISIC_0035869.jpg,malignant,benign
ISIC_0035870.jpg,benign,benign
ISIC_0035872.jpg,malignant,benign
ISIC_0035874.jpg,benign,benign
ISIC_0035875.jpg,malignant,benign
ISIC_0035877.jpg,malignant,malignant
ISIC_0035879.jpg,malignant,benign
ISIC_0035880.jpg,benign,benign
ISIC_0035883.jpg,malignant,benign
ISIC_0035884.jpg,malignant,benign
ISIC_0035885.jpg,benign,benign
ISIC_0035886.jpg,benign,benign
ISIC_0035887.jpg,malignant,malignant
ISIC_0035888.jpg,benign,malignant
ISIC_0035889.jpg,malignant,malignant
ISIC_0035891.jpg,malignant,benign
ISIC_0035892.jpg,benign,benign
ISIC_0035893.jpg,malignant,benign
ISIC_0035894.jpg,malignant,malignant
ISIC_0035895.jpg,malignant,benign
ISIC_0035896.jpg,malignant,benign
ISIC_0035897.jpg,malignant,benign
ISIC_0035898.jpg,malignant,benign
ISIC_0035900.jpg,malignant,malignant
ISIC_0035902.jpg,malignant,malignant
ISIC_0035903.jpg,benign,benign
ISIC_0035906.jpg,malignant,benign
ISIC_0035907.jpg,malignant,benign
ISIC_0035909.jpg,malignant,benign
ISIC_0035911.jpg,malignant,malignant
ISIC_0035912.jpg,benign,benign
ISIC_0035913.jpg,malignant,malignant
ISIC_0035914.jpg,malignant,malignant
ISIC_0035916.jpg,benign,benign
ISIC_0035920.jpg,malignant,malignant
ISIC_0035921.jpg,malignant,benign
ISIC_0035922.jpg,malignant,malignant
ISIC_0035923.jpg,malignant,malignant
ISIC_0035924.jpg,benign,benign
ISIC_0035927.jpg,benign,benign
ISIC_0035928.jpg,benign,benign
ISIC_0035929.jpg,benign,malignant
ISIC_0035930.jpg,malignant,benign
ISIC_0035934.jpg,malignant,malignant
ISIC_0035935.jpg,malignant,benign
ISIC_0035936.jpg,malignant,benign
ISIC_0035938.jpg,benign,malignant
ISIC_0035939.jpg,benign,benign
ISIC_0035941.jpg,malignant,benign
ISIC_0035943.jpg,malignant,benign
ISIC_0035945.jpg,benign,benign
ISIC_0035947.jpg,malignant,benign
ISIC_0035948.jpg,malignant,benign
ISIC_0035951.jpg,malignant,benign
ISIC_0035954.jpg,malignant,benign
ISIC_0035956.jpg,malignant,malignant
ISIC_0035958.jpg,benign,benign
ISIC_0035961.jpg,benign,benign
ISIC_0035962.jpg,benign,benign
ISIC_0035963.jpg,benign,benign
ISIC_0035964.jpg,malignant,malignant
ISIC_0035965.jpg,benign,benign
ISIC_0035966.jpg,malignant,benign
ISIC_0035967.jpg,benign,benign
ISIC_0035968.jpg,malignant,malignant
ISIC_0035969.jpg,benign,benign
ISIC_0035970.jpg,benign,benign
ISIC_0035971.jpg,malignant,benign
ISIC_0035972.jpg,malignant,benign
ISIC_0035973.jpg,malignant,benign
ISIC_0035974.jpg,benign,benign
ISIC_0035975.jpg,malignant,benign
ISIC_0035978.jpg,malignant,benign
ISIC_0035979.jpg,benign,benign
ISIC_0035980.jpg,malignant,benign
ISIC_0035981.jpg,malignant,benign
ISIC_0035983.jpg,malignant,benign
ISIC_0035984.jpg,malignant,benign
ISIC_0035985.jpg,benign,benign
ISIC_0035986.jpg,malignant,malignant
ISIC_0035987.jpg,malignant,benign
ISIC_0035988.jpg,malignant,benign
ISIC_0035989.jpg,malignant,benign
ISIC_0035990.jpg,benign,benign
ISIC_0035991.jpg,malignant,benign
ISIC_0035992.jpg,malignant,malignant
ISIC_0035994.jpg,malignant,benign
ISIC_0035995.jpg,malignant,benign
ISIC_0035997.jpg,malignant,malignant
ISIC_0035998.jpg,benign,benign
ISIC_0035999.jpg,benign,benign
ISIC_0036001.jpg,malignant,benign
ISIC_0036005.jpg,benign,malignant
ISIC_0036010.jpg,benign,benign
ISIC_0036012.jpg,malignant,malignant
ISIC_0036013.jpg,malignant,benign
ISIC_0036014.jpg,benign,benign
ISIC_0036017.jpg,malignant,benign
ISIC_0036020.jpg,malignant,benign
ISIC_0036024.jpg,malignant,benign
ISIC_0036026.jpg,malignant,malignant
ISIC_0036027.jpg,malignant,benign
ISIC_0036028.jpg,malignant,benign
ISIC_0036029.jpg,malignant,malignant
ISIC_0036030.jpg,malignant,benign
ISIC_0036033.jpg,malignant,benign
ISIC_0036034.jpg,malignant,malignant
ISIC_0036036.jpg,malignant,benign
ISIC_0036037.jpg,malignant,benign
ISIC_0036038.jpg,benign,benign
ISIC_0036039.jpg,malignant,benign
ISIC_0036040.jpg,malignant,benign
ISIC_0036041.jpg,benign,benign
ISIC_0036042.jpg,benign,benign
ISIC_0036044.jpg,benign,benign
ISIC_0036045.jpg,benign,benign
ISIC_0036046.jpg,benign,benign
ISIC_0036047.jpg,benign,benign
ISIC_0036048.jpg,malignant,benign
ISIC_0036049.jpg,malignant,benign
ISIC_0036051.jpg,malignant,malignant
ISIC_0036052.jpg,malignant,benign
ISIC_0036054.jpg,malignant,benign
ISIC_0036055.jpg,malignant,benign
ISIC_0036056.jpg,malignant,malignant
ISIC_0036057.jpg,malignant,malignant
ISIC_0036058.jpg,malignant,benign
ISIC_0036059.jpg,benign,benign
ISIC_0036061.jpg,malignant,benign
